Voici ci-dessous l exemple de Hilbert:
Veuillez saisir le nombre d inconnu et d equation connue :
6
Voici votre matrice initialisee :
   x1                     x2              x3              x4              x5              x6              ╬╗
1 1.0000000000000000 0.5000000000000000 0.3333333333333333 0.2500000000000000 0.2000000000000000 0.1666666666666667 2.4499999999999997
2 0.5000000000000000 0.3333333333333333 0.2500000000000000 0.2000000000000000 0.1666666666666667 0.1428571428571429 1.5928571428571427
3 0.3333333333333333 0.2500000000000000 0.2000000000000000 0.1666666666666667 0.1428571428571429 0.1250000000000000 1.2178571428571427
4 0.2500000000000000 0.2000000000000000 0.1666666666666667 0.1428571428571429 0.1250000000000000 0.1111111111111111 0.9956349206349207
5 0.2000000000000000 0.1666666666666667 0.1428571428571429 0.1250000000000000 0.1111111111111111 0.1000000000000000 0.8456349206349206
6 0.1666666666666667 0.1428571428571429 0.1250000000000000 0.1111111111111111 0.1000000000000000 0.0909090909090909 0.7365440115440116

1e etape :
   x1                     x2              x3              x4              x5              x6              ╬╗
1 0.1666666666666667 0.1428571428571429 0.1250000000000000 0.1111111111111111 0.1000000000000000 0.0909090909090909 0.7365440115440116
2 0.0000000000000000 -0.0952380952380952 -0.1250000000000000 -0.1333333333333333 -0.1333333333333334 -0.1298701298701299 -0.6167748917748921
3 0.3333333333333333 0.2500000000000000 0.2000000000000000 0.1666666666666667 0.1428571428571429 0.1250000000000000 1.2178571428571427
4 0.2500000000000000 0.2000000000000000 0.1666666666666667 0.1428571428571429 0.1250000000000000 0.1111111111111111 0.9956349206349207
5 0.2000000000000000 0.1666666666666667 0.1428571428571429 0.1250000000000000 0.1111111111111111 0.1000000000000000 0.8456349206349206
6 1.0000000000000000 0.5000000000000000 0.3333333333333333 0.2500000000000000 0.2000000000000000 0.1666666666666667 2.4499999999999997

2e etape :
   x1                     x2              x3              x4              x5              x6              ╬╗
1 0.1666666666666667 0.1428571428571429 0.1250000000000000 0.1111111111111111 0.1000000000000000 0.0909090909090909 0.7365440115440116
2 0.0000000000000000 -0.0952380952380952 -0.1250000000000000 -0.1333333333333333 -0.1333333333333334 -0.1298701298701299 -0.6167748917748921
3 0.0000000000000000 -0.0357142857142857 -0.0500000000000000 -0.0555555555555556 -0.0571428571428572 -0.0568181818181818 -0.2552308802308805
4 0.2500000000000000 0.2000000000000000 0.1666666666666667 0.1428571428571429 0.1250000000000000 0.1111111111111111 0.9956349206349207
5 0.2000000000000000 0.1666666666666667 0.1428571428571429 0.1250000000000000 0.1111111111111111 0.1000000000000000 0.8456349206349206
6 1.0000000000000000 0.5000000000000000 0.3333333333333333 0.2500000000000000 0.2000000000000000 0.1666666666666667 2.4499999999999997

3e etape :
   x1                     x2              x3              x4              x5              x6              ╬╗
1 0.1666666666666667 0.1428571428571429 0.1250000000000000 0.1111111111111111 0.1000000000000000 0.0909090909090909 0.7365440115440116
2 0.0000000000000000 -0.0952380952380952 -0.1250000000000000 -0.1333333333333333 -0.1333333333333334 -0.1298701298701299 -0.6167748917748921
3 0.0000000000000000 -0.0357142857142857 -0.0500000000000000 -0.0555555555555556 -0.0571428571428572 -0.0568181818181818 -0.2552308802308805
4 0.0000000000000000 -0.0142857142857143 -0.0208333333333333 -0.0238095238095238 -0.0250000000000000 -0.0252525252525253 -0.1091810966810968
5 0.2000000000000000 0.1666666666666667 0.1428571428571429 0.1250000000000000 0.1111111111111111 0.1000000000000000 0.8456349206349206
6 1.0000000000000000 0.5000000000000000 0.3333333333333333 0.2500000000000000 0.2000000000000000 0.1666666666666667 2.4499999999999997

4e etape :
   x1                     x2              x3              x4              x5              x6              ╬╗
1 0.1666666666666667 0.1428571428571429 0.1250000000000000 0.1111111111111111 0.1000000000000000 0.0909090909090909 0.7365440115440116
2 0.0000000000000000 -0.0952380952380952 -0.1250000000000000 -0.1333333333333333 -0.1333333333333334 -0.1298701298701299 -0.6167748917748921
3 0.0000000000000000 -0.0357142857142857 -0.0500000000000000 -0.0555555555555556 -0.0571428571428572 -0.0568181818181818 -0.2552308802308805
4 0.0000000000000000 -0.0142857142857143 -0.0208333333333333 -0.0238095238095238 -0.0250000000000000 -0.0252525252525253 -0.1091810966810968
5 -0.0000000000000000 -0.0047619047619048 -0.0071428571428572 -0.0083333333333333 -0.0088888888888889 -0.0090909090909091 -0.0382178932178934
6 1.0000000000000000 0.5000000000000000 0.3333333333333333 0.2500000000000000 0.2000000000000000 0.1666666666666667 2.4499999999999997

5e etape :
   x1                     x2              x3              x4              x5              x6              ╬╗
1 0.1666666666666667 0.1428571428571429 0.1250000000000000 0.1111111111111111 0.1000000000000000 0.0909090909090909 0.7365440115440116
2 0.0000000000000000 -0.0952380952380952 -0.1250000000000000 -0.1333333333333333 -0.1333333333333334 -0.1298701298701299 -0.6167748917748921
3 0.0000000000000000 -0.0357142857142857 -0.0500000000000000 -0.0555555555555556 -0.0571428571428572 -0.0568181818181818 -0.2552308802308805
4 0.0000000000000000 -0.0142857142857143 -0.0208333333333333 -0.0238095238095238 -0.0250000000000000 -0.0252525252525253 -0.1091810966810968
5 -0.0000000000000000 -0.0047619047619048 -0.0071428571428572 -0.0083333333333333 -0.0088888888888889 -0.0090909090909091 -0.0382178932178934
6 0.0000000000000001 -0.3571428571428571 -0.4166666666666667 -0.4166666666666666 -0.4000000000000000 -0.3787878787878788 -1.9692640692640699

6e etape :
   x1                     x2              x3              x4              x5              x6              ╬╗
1 0.1666666666666667 0.1428571428571429 0.1250000000000000 0.1111111111111111 0.1000000000000000 0.0909090909090909 0.7365440115440116
2 -0.0000000000000000 -0.0047619047619048 -0.0071428571428572 -0.0083333333333333 -0.0088888888888889 -0.0090909090909091 -0.0382178932178934
3 0.0000000000000001 -0.0000000000000000 0.0035714285714285 0.0069444444444442 0.0095238095238094 0.0113636363636361 0.0314033189033187
4 0.0000000000000000 -0.0142857142857143 -0.0208333333333333 -0.0238095238095238 -0.0250000000000000 -0.0252525252525253 -0.1091810966810968
5 0.0000000000000000 -0.0952380952380952 -0.1250000000000000 -0.1333333333333333 -0.1333333333333334 -0.1298701298701299 -0.6167748917748921
6 0.0000000000000001 -0.3571428571428571 -0.4166666666666667 -0.4166666666666666 -0.4000000000000000 -0.3787878787878788 -1.9692640692640699

7e etape :
   x1                     x2              x3              x4              x5              x6              ╬╗
1 0.1666666666666667 0.1428571428571429 0.1250000000000000 0.1111111111111111 0.1000000000000000 0.0909090909090909 0.7365440115440116
2 -0.0000000000000000 -0.0047619047619048 -0.0071428571428572 -0.0083333333333333 -0.0088888888888889 -0.0090909090909091 -0.0382178932178934
3 0.0000000000000001 -0.0000000000000000 0.0035714285714285 0.0069444444444442 0.0095238095238094 0.0113636363636361 0.0314033189033187
4 0.0000000000000000 -0.0000000000000000 0.0005952380952380 0.0011904761904761 0.0016666666666666 0.0020202020202019 0.0054725829725828
5 0.0000000000000000 -0.0952380952380952 -0.1250000000000000 -0.1333333333333333 -0.1333333333333334 -0.1298701298701299 -0.6167748917748921
6 0.0000000000000001 -0.3571428571428571 -0.4166666666666667 -0.4166666666666666 -0.4000000000000000 -0.3787878787878788 -1.9692640692640699

8e etape :
   x1                     x2              x3              x4              x5              x6              ╬╗
1 0.1666666666666667 0.1428571428571429 0.1250000000000000 0.1111111111111111 0.1000000000000000 0.0909090909090909 0.7365440115440116
2 -0.0000000000000000 -0.0047619047619048 -0.0071428571428572 -0.0083333333333333 -0.0088888888888889 -0.0090909090909091 -0.0382178932178934
3 0.0000000000000001 -0.0000000000000000 0.0035714285714285 0.0069444444444442 0.0095238095238094 0.0113636363636361 0.0314033189033187
4 0.0000000000000000 -0.0000000000000000 0.0005952380952380 0.0011904761904761 0.0016666666666666 0.0020202020202019 0.0054725829725828
5 0.0000000000000002 -0.0000000000000000 0.0178571428571427 0.0333333333333327 0.0444444444444441 0.0519480519480512 0.1475829725829725
6 0.0000000000000001 -0.3571428571428571 -0.4166666666666667 -0.4166666666666666 -0.4000000000000000 -0.3787878787878788 -1.9692640692640699

9e etape :
   x1                     x2              x3              x4              x5              x6              ╬╗
1 0.1666666666666667 0.1428571428571429 0.1250000000000000 0.1111111111111111 0.1000000000000000 0.0909090909090909 0.7365440115440116
2 -0.0000000000000000 -0.0047619047619048 -0.0071428571428572 -0.0083333333333333 -0.0088888888888889 -0.0090909090909091 -0.0382178932178934
3 0.0000000000000001 -0.0000000000000000 0.0035714285714285 0.0069444444444442 0.0095238095238094 0.0113636363636361 0.0314033189033187
4 0.0000000000000000 -0.0000000000000000 0.0005952380952380 0.0011904761904761 0.0016666666666666 0.0020202020202019 0.0054725829725828
5 0.0000000000000002 -0.0000000000000000 0.0178571428571427 0.0333333333333327 0.0444444444444441 0.0519480519480512 0.1475829725829725
6 0.0000000000000006 0.0000000000000000 0.1190476190476184 0.2083333333333310 0.2666666666666654 0.3030303030303004 0.8970779220779225

10e etape :
   x1                     x2              x3              x4              x5              x6              ╬╗
1 0.1666666666666667 0.1428571428571429 0.1250000000000000 0.1111111111111111 0.1000000000000000 0.0909090909090909 0.7365440115440116
2 -0.0000000000000000 -0.0047619047619048 -0.0071428571428572 -0.0083333333333333 -0.0088888888888889 -0.0090909090909091 -0.0382178932178934
3 0.0000000000000000 -0.0000000000000000 0.0005952380952380 0.0011904761904761 0.0016666666666666 0.0020202020202019 0.0054725829725828
4 -0.0000000000000002 -0.0000000000000000 -0.0000000000000000 -0.0001984126984128 -0.0004761904761910 -0.0007575757575762 -0.0014321789321808
5 0.0000000000000002 -0.0000000000000000 0.0178571428571427 0.0333333333333327 0.0444444444444441 0.0519480519480512 0.1475829725829725
6 0.0000000000000006 0.0000000000000000 0.1190476190476184 0.2083333333333310 0.2666666666666654 0.3030303030303004 0.8970779220779225

11e etape :
   x1                     x2              x3              x4              x5              x6              ╬╗
1 0.1666666666666667 0.1428571428571429 0.1250000000000000 0.1111111111111111 0.1000000000000000 0.0909090909090909 0.7365440115440116
2 -0.0000000000000000 -0.0047619047619048 -0.0071428571428572 -0.0083333333333333 -0.0088888888888889 -0.0090909090909091 -0.0382178932178934
3 0.0000000000000000 -0.0000000000000000 0.0005952380952380 0.0011904761904761 0.0016666666666666 0.0020202020202019 0.0054725829725828
4 -0.0000000000000002 -0.0000000000000000 -0.0000000000000000 -0.0001984126984128 -0.0004761904761910 -0.0007575757575762 -0.0014321789321808
5 -0.0000000000000009 -0.0000000000000000 -0.0000000000000000 -0.0023809523809526 -0.0055555555555580 -0.0086580086580108 -0.0165945165945266
6 0.0000000000000006 0.0000000000000000 0.1190476190476184 0.2083333333333310 0.2666666666666654 0.3030303030303004 0.8970779220779225

12e etape :
   x1                     x2              x3              x4              x5              x6              ╬╗
1 0.1666666666666667 0.1428571428571429 0.1250000000000000 0.1111111111111111 0.1000000000000000 0.0909090909090909 0.7365440115440116
2 -0.0000000000000000 -0.0047619047619048 -0.0071428571428572 -0.0083333333333333 -0.0088888888888889 -0.0090909090909091 -0.0382178932178934
3 0.0000000000000000 -0.0000000000000000 0.0005952380952380 0.0011904761904761 0.0016666666666666 0.0020202020202019 0.0054725829725828
4 -0.0000000000000002 -0.0000000000000000 -0.0000000000000000 -0.0001984126984128 -0.0004761904761910 -0.0007575757575762 -0.0014321789321808
5 -0.0000000000000009 -0.0000000000000000 -0.0000000000000000 -0.0023809523809526 -0.0055555555555580 -0.0086580086580108 -0.0165945165945266
6 -0.0000000000000066 0.0000000000000000 0.0000000000000000 -0.0297619047619053 -0.0666666666666832 -0.1010101010101145 -0.1974386724387426

13e etape :
   x1                     x2              x3              x4              x5              x6              ╬╗
1 0.1666666666666667 0.1428571428571429 0.1250000000000000 0.1111111111111111 0.1000000000000000 0.0909090909090909 0.7365440115440116
2 -0.0000000000000000 -0.0047619047619048 -0.0071428571428572 -0.0083333333333333 -0.0088888888888889 -0.0090909090909091 -0.0382178932178934
3 0.0000000000000000 -0.0000000000000000 0.0005952380952380 0.0011904761904761 0.0016666666666666 0.0020202020202019 0.0054725829725828
4 -0.0000000000000002 -0.0000000000000000 -0.0000000000000000 -0.0001984126984128 -0.0004761904761910 -0.0007575757575762 -0.0014321789321808
5 0.0000000000000010 0.0000000000000000 0.0000000000000000 -0.0000000000000000 0.0001587301587309 0.0004329004328995 0.0005916305916356
6 -0.0000000000000066 0.0000000000000000 0.0000000000000000 -0.0297619047619053 -0.0666666666666832 -0.1010101010101145 -0.1974386724387426

14e etape :
   x1                     x2              x3              x4              x5              x6              ╬╗
1 0.1666666666666667 0.1428571428571429 0.1250000000000000 0.1111111111111111 0.1000000000000000 0.0909090909090909 0.7365440115440116
2 -0.0000000000000000 -0.0047619047619048 -0.0071428571428572 -0.0083333333333333 -0.0088888888888889 -0.0090909090909091 -0.0382178932178934
3 0.0000000000000000 -0.0000000000000000 0.0005952380952380 0.0011904761904761 0.0016666666666666 0.0020202020202019 0.0054725829725828
4 -0.0000000000000002 -0.0000000000000000 -0.0000000000000000 -0.0001984126984128 -0.0004761904761910 -0.0007575757575762 -0.0014321789321808
5 0.0000000000000010 0.0000000000000000 0.0000000000000000 -0.0000000000000000 0.0001587301587309 0.0004329004328995 0.0005916305916356
6 0.0000000000000175 0.0000000000000002 0.0000000000000000 -0.0000000000000000 0.0047619047619235 0.0126262626262567 0.0173881673882696

15e etape :
   x1                     x2              x3              x4              x5              x6              ╬╗
1 0.1666666666666667 0.1428571428571429 0.1250000000000000 0.1111111111111111 0.1000000000000000 0.0909090909090909 0.7365440115440116
2 -0.0000000000000000 -0.0047619047619048 -0.0071428571428572 -0.0083333333333333 -0.0088888888888889 -0.0090909090909091 -0.0382178932178934
3 0.0000000000000000 -0.0000000000000000 0.0005952380952380 0.0011904761904761 0.0016666666666666 0.0020202020202019 0.0054725829725828
4 -0.0000000000000002 -0.0000000000000000 -0.0000000000000000 -0.0001984126984128 -0.0004761904761910 -0.0007575757575762 -0.0014321789321808
5 0.0000000000000010 0.0000000000000000 0.0000000000000000 -0.0000000000000000 0.0001587301587309 0.0004329004328995 0.0005916305916356
6 -0.0000000000000132 -0.0000000000000001 0.0000000000000000 -0.0000000000000000 -0.0000000000000000 -0.0003607503607192 -0.0003607503607829

Les reponses sont:
x1 = 0.9999999999991645 x2 = 1.0000000000235405 x3 = 0.9999999998420303 x4 = 1.0000000004086638 x5 = 0.9999999995506570 x6 = 1.0000000001765488

Les mineurs principaux sont:
m1 = 0.1666666666666667 m2 = -0.0047619047619048 m3 = 0.0005952380952380 m4 = -0.0001984126984128 m5 = 0.0001587301587309 m6 = -0.0003607503607192