Voici ci-dessous l exemple de Hilbert:
Veuillez saisir le nombre d inconnu et d equation connue :
8
Voici votre matrice initialisee :
   x1                     x2              x3              x4              x5              x6              x7
          x8              ╬╗
1 1.0000000000000000 0.5000000000000000 0.3333333333333333 0.2500000000000000 0.2000000000000000 0.1666666666666667 0.1428571428571429 0.1250000000000000 2.7178571428571425
2 0.5000000000000000 0.3333333333333333 0.2500000000000000 0.2000000000000000 0.1666666666666667 0.1428571428571429 0.1250000000000000 0.1111111111111111 1.8289682539682539
3 0.3333333333333333 0.2500000000000000 0.2000000000000000 0.1666666666666667 0.1428571428571429 0.1250000000000000 0.1111111111111111 0.1000000000000000 1.4289682539682540
4 0.2500000000000000 0.2000000000000000 0.1666666666666667 0.1428571428571429 0.1250000000000000 0.1111111111111111 0.1000000000000000 0.0909090909090909 1.1865440115440116
5 0.2000000000000000 0.1666666666666667 0.1428571428571429 0.1250000000000000 0.1111111111111111 0.1000000000000000 0.0909090909090909 0.0833333333333333 1.0198773448773448
6 0.1666666666666667 0.1428571428571429 0.1250000000000000 0.1111111111111111 0.1000000000000000 0.0909090909090909 0.0833333333333333 0.0769230769230769 0.8968004218004220
7 0.1428571428571429 0.1250000000000000 0.1111111111111111 0.1000000000000000 0.0909090909090909 0.0833333333333333 0.0769230769230769 0.0714285714285714 0.8015623265623266
8 0.1250000000000000 0.1111111111111111 0.1000000000000000 0.0909090909090909 0.0833333333333333 0.0769230769230769 0.0714285714285714 0.0666666666666667 0.7253718503718505

1e etape :
   x1                     x2              x3              x4              x5              x6              x7
          x8              ╬╗
1 0.1250000000000000 0.1111111111111111 0.1000000000000000 0.0909090909090909 0.0833333333333333 0.0769230769230769 0.0714285714285714 0.0666666666666667 0.7253718503718505
2 0.0000000000000000 -0.1111111111111111 -0.1500000000000000 -0.1636363636363636 -0.1666666666666667 -0.1648351648351649 -0.1607142857142857 -0.1555555555555556 -1.0725191475191480
3 0.3333333333333333 0.2500000000000000 0.2000000000000000 0.1666666666666667 0.1428571428571429 0.1250000000000000 0.1111111111111111 0.1000000000000000 1.4289682539682540
4 0.2500000000000000 0.2000000000000000 0.1666666666666667 0.1428571428571429 0.1250000000000000 0.1111111111111111 0.1000000000000000 0.0909090909090909 1.1865440115440116
5 0.2000000000000000 0.1666666666666667 0.1428571428571429 0.1250000000000000 0.1111111111111111 0.1000000000000000 0.0909090909090909 0.0833333333333333 1.0198773448773448
6 0.1666666666666667 0.1428571428571429 0.1250000000000000 0.1111111111111111 0.1000000000000000 0.0909090909090909 0.0833333333333333 0.0769230769230769 0.8968004218004220
7 0.1428571428571429 0.1250000000000000 0.1111111111111111 0.1000000000000000 0.0909090909090909 0.0833333333333333 0.0769230769230769 0.0714285714285714 0.8015623265623266
8 1.0000000000000000 0.5000000000000000 0.3333333333333333 0.2500000000000000 0.2000000000000000 0.1666666666666667 0.1428571428571429 0.1250000000000000 2.7178571428571425

2e etape :
   x1                     x2              x3              x4              x5              x6              x7
          x8              ╬╗
1 0.1250000000000000 0.1111111111111111 0.1000000000000000 0.0909090909090909 0.0833333333333333 0.0769230769230769 0.0714285714285714 0.0666666666666667 0.7253718503718505
2 0.0000000000000000 -0.1111111111111111 -0.1500000000000000 -0.1636363636363636 -0.1666666666666667 -0.1648351648351649 -0.1607142857142857 -0.1555555555555556 -1.0725191475191480
3 0.0000000000000000 -0.0462962962962963 -0.0666666666666667 -0.0757575757575758 -0.0793650793650793 -0.0801282051282051 -0.0793650793650793 -0.0777777777777778 -0.5053566803566805
4 0.2500000000000000 0.2000000000000000 0.1666666666666667 0.1428571428571429 0.1250000000000000 0.1111111111111111 0.1000000000000000 0.0909090909090909 1.1865440115440116
5 0.2000000000000000 0.1666666666666667 0.1428571428571429 0.1250000000000000 0.1111111111111111 0.1000000000000000 0.0909090909090909 0.0833333333333333 1.0198773448773448
6 0.1666666666666667 0.1428571428571429 0.1250000000000000 0.1111111111111111 0.1000000000000000 0.0909090909090909 0.0833333333333333 0.0769230769230769 0.8968004218004220
7 0.1428571428571429 0.1250000000000000 0.1111111111111111 0.1000000000000000 0.0909090909090909 0.0833333333333333 0.0769230769230769 0.0714285714285714 0.8015623265623266
8 1.0000000000000000 0.5000000000000000 0.3333333333333333 0.2500000000000000 0.2000000000000000 0.1666666666666667 0.1428571428571429 0.1250000000000000 2.7178571428571425

3e etape :
   x1                     x2              x3              x4              x5              x6              x7
          x8              ╬╗
1 0.1250000000000000 0.1111111111111111 0.1000000000000000 0.0909090909090909 0.0833333333333333 0.0769230769230769 0.0714285714285714 0.0666666666666667 0.7253718503718505
2 0.0000000000000000 -0.1111111111111111 -0.1500000000000000 -0.1636363636363636 -0.1666666666666667 -0.1648351648351649 -0.1607142857142857 -0.1555555555555556 -1.0725191475191480
3 0.0000000000000000 -0.0462962962962963 -0.0666666666666667 -0.0757575757575758 -0.0793650793650793 -0.0801282051282051 -0.0793650793650793 -0.0777777777777778 -0.5053566803566805
4 0.0000000000000000 -0.0222222222222222 -0.0333333333333334 -0.0389610389610390 -0.0416666666666667 -0.0427350427350428 -0.0428571428571428 -0.0424242424242424 -0.2641996891996894
5 0.2000000000000000 0.1666666666666667 0.1428571428571429 0.1250000000000000 0.1111111111111111 0.1000000000000000 0.0909090909090909 0.0833333333333333 1.0198773448773448
6 0.1666666666666667 0.1428571428571429 0.1250000000000000 0.1111111111111111 0.1000000000000000 0.0909090909090909 0.0833333333333333 0.0769230769230769 0.8968004218004220
7 0.1428571428571429 0.1250000000000000 0.1111111111111111 0.1000000000000000 0.0909090909090909 0.0833333333333333 0.0769230769230769 0.0714285714285714 0.8015623265623266
8 1.0000000000000000 0.5000000000000000 0.3333333333333333 0.2500000000000000 0.2000000000000000 0.1666666666666667 0.1428571428571429 0.1250000000000000 2.7178571428571425

4e etape :
   x1                     x2              x3              x4              x5              x6              x7
          x8              ╬╗
1 0.1250000000000000 0.1111111111111111 0.1000000000000000 0.0909090909090909 0.0833333333333333 0.0769230769230769 0.0714285714285714 0.0666666666666667 0.7253718503718505
2 0.0000000000000000 -0.1111111111111111 -0.1500000000000000 -0.1636363636363636 -0.1666666666666667 -0.1648351648351649 -0.1607142857142857 -0.1555555555555556 -1.0725191475191480
3 0.0000000000000000 -0.0462962962962963 -0.0666666666666667 -0.0757575757575758 -0.0793650793650793 -0.0801282051282051 -0.0793650793650793 -0.0777777777777778 -0.5053566803566805
4 0.0000000000000000 -0.0222222222222222 -0.0333333333333334 -0.0389610389610390 -0.0416666666666667 -0.0427350427350428 -0.0428571428571428 -0.0424242424242424 -0.2641996891996894
5 0.0000000000000000 -0.0111111111111111 -0.0171428571428572 -0.0204545454545455 -0.0222222222222222 -0.0230769230769231 -0.0233766233766234 -0.0233333333333333 -0.1407176157176160
6 0.1666666666666667 0.1428571428571429 0.1250000000000000 0.1111111111111111 0.1000000000000000 0.0909090909090909 0.0833333333333333 0.0769230769230769 0.8968004218004220
7 0.1428571428571429 0.1250000000000000 0.1111111111111111 0.1000000000000000 0.0909090909090909 0.0833333333333333 0.0769230769230769 0.0714285714285714 0.8015623265623266
8 1.0000000000000000 0.5000000000000000 0.3333333333333333 0.2500000000000000 0.2000000000000000 0.1666666666666667 0.1428571428571429 0.1250000000000000 2.7178571428571425

5e etape :
   x1                     x2              x3              x4              x5              x6              x7
          x8              ╬╗
1 0.1250000000000000 0.1111111111111111 0.1000000000000000 0.0909090909090909 0.0833333333333333 0.0769230769230769 0.0714285714285714 0.0666666666666667 0.7253718503718505
2 0.0000000000000000 -0.1111111111111111 -0.1500000000000000 -0.1636363636363636 -0.1666666666666667 -0.1648351648351649 -0.1607142857142857 -0.1555555555555556 -1.0725191475191480
3 0.0000000000000000 -0.0462962962962963 -0.0666666666666667 -0.0757575757575758 -0.0793650793650793 -0.0801282051282051 -0.0793650793650793 -0.0777777777777778 -0.5053566803566805
4 0.0000000000000000 -0.0222222222222222 -0.0333333333333334 -0.0389610389610390 -0.0416666666666667 -0.0427350427350428 -0.0428571428571428 -0.0424242424242424 -0.2641996891996894
5 0.0000000000000000 -0.0111111111111111 -0.0171428571428572 -0.0204545454545455 -0.0222222222222222 -0.0230769230769231 -0.0233766233766234 -0.0233333333333333 -0.1407176157176160
6 0.0000000000000000 -0.0052910052910053 -0.0083333333333333 -0.0101010101010101 -0.0111111111111111 -0.0116550116550117 -0.0119047619047619 -0.0119658119658120 -0.0703620453620453
7 0.1428571428571429 0.1250000000000000 0.1111111111111111 0.1000000000000000 0.0909090909090909 0.0833333333333333 0.0769230769230769 0.0714285714285714 0.8015623265623266
8 1.0000000000000000 0.5000000000000000 0.3333333333333333 0.2500000000000000 0.2000000000000000 0.1666666666666667 0.1428571428571429 0.1250000000000000 2.7178571428571425

6e etape :
   x1                     x2              x3              x4              x5              x6              x7
          x8              ╬╗
1 0.1250000000000000 0.1111111111111111 0.1000000000000000 0.0909090909090909 0.0833333333333333 0.0769230769230769 0.0714285714285714 0.0666666666666667 0.7253718503718505
2 0.0000000000000000 -0.1111111111111111 -0.1500000000000000 -0.1636363636363636 -0.1666666666666667 -0.1648351648351649 -0.1607142857142857 -0.1555555555555556 -1.0725191475191480
3 0.0000000000000000 -0.0462962962962963 -0.0666666666666667 -0.0757575757575758 -0.0793650793650793 -0.0801282051282051 -0.0793650793650793 -0.0777777777777778 -0.5053566803566805
4 0.0000000000000000 -0.0222222222222222 -0.0333333333333334 -0.0389610389610390 -0.0416666666666667 -0.0427350427350428 -0.0428571428571428 -0.0424242424242424 -0.2641996891996894
5 0.0000000000000000 -0.0111111111111111 -0.0171428571428572 -0.0204545454545455 -0.0222222222222222 -0.0230769230769231 -0.0233766233766234 -0.0233333333333333 -0.1407176157176160
6 0.0000000000000000 -0.0052910052910053 -0.0083333333333333 -0.0101010101010101 -0.0111111111111111 -0.0116550116550117 -0.0119047619047619 -0.0119658119658120 -0.0703620453620453
7 0.0000000000000000 -0.0019841269841270 -0.0031746031746032 -0.0038961038961039 -0.0043290043290043 -0.0045787545787546 -0.0047095761381476 -0.0047619047619048 -0.0274340738626453
8 1.0000000000000000 0.5000000000000000 0.3333333333333333 0.2500000000000000 0.2000000000000000 0.1666666666666667 0.1428571428571429 0.1250000000000000 2.7178571428571425

7e etape :
   x1                     x2              x3              x4              x5              x6              x7
          x8              ╬╗
1 0.1250000000000000 0.1111111111111111 0.1000000000000000 0.0909090909090909 0.0833333333333333 0.0769230769230769 0.0714285714285714 0.0666666666666667 0.7253718503718505
2 0.0000000000000000 -0.1111111111111111 -0.1500000000000000 -0.1636363636363636 -0.1666666666666667 -0.1648351648351649 -0.1607142857142857 -0.1555555555555556 -1.0725191475191480
3 0.0000000000000000 -0.0462962962962963 -0.0666666666666667 -0.0757575757575758 -0.0793650793650793 -0.0801282051282051 -0.0793650793650793 -0.0777777777777778 -0.5053566803566805
4 0.0000000000000000 -0.0222222222222222 -0.0333333333333334 -0.0389610389610390 -0.0416666666666667 -0.0427350427350428 -0.0428571428571428 -0.0424242424242424 -0.2641996891996894
5 0.0000000000000000 -0.0111111111111111 -0.0171428571428572 -0.0204545454545455 -0.0222222222222222 -0.0230769230769231 -0.0233766233766234 -0.0233333333333333 -0.1407176157176160
6 0.0000000000000000 -0.0052910052910053 -0.0083333333333333 -0.0101010101010101 -0.0111111111111111 -0.0116550116550117 -0.0119047619047619 -0.0119658119658120 -0.0703620453620453
7 0.0000000000000000 -0.0019841269841270 -0.0031746031746032 -0.0038961038961039 -0.0043290043290043 -0.0045787545787546 -0.0047095761381476 -0.0047619047619048 -0.0274340738626453
8 0.0000000000000000 -0.3888888888888888 -0.4666666666666667 -0.4772727272727273 -0.4666666666666666 -0.4487179487179488 -0.4285714285714286 -0.4083333333333333 -3.0851176601176613

8e etape :
   x1                     x2              x3              x4              x5              x6              x7
          x8              ╬╗
1 0.1250000000000000 0.1111111111111111 0.1000000000000000 0.0909090909090909 0.0833333333333333 0.0769230769230769 0.0714285714285714 0.0666666666666667 0.7253718503718505
2 0.0000000000000000 -0.0019841269841270 -0.0031746031746032 -0.0038961038961039 -0.0043290043290043 -0.0045787545787546 -0.0047095761381476 -0.0047619047619048 -0.0274340738626453
3 0.0000000000000000 -0.0000000000000000 0.0074074074074080 0.0151515151515155 0.0216450216450220 0.0267094017094025 0.0305250305250309 0.0333333333333340 0.1347717097717142
4 0.0000000000000000 -0.0222222222222222 -0.0333333333333334 -0.0389610389610390 -0.0416666666666667 -0.0427350427350428 -0.0428571428571428 -0.0424242424242424 -0.2641996891996894
5 0.0000000000000000 -0.0111111111111111 -0.0171428571428572 -0.0204545454545455 -0.0222222222222222 -0.0230769230769231 -0.0233766233766234 -0.0233333333333333 -0.1407176157176160
6 0.0000000000000000 -0.0052910052910053 -0.0083333333333333 -0.0101010101010101 -0.0111111111111111 -0.0116550116550117 -0.0119047619047619 -0.0119658119658120 -0.0703620453620453
7 0.0000000000000000 -0.1111111111111111 -0.1500000000000000 -0.1636363636363636 -0.1666666666666667 -0.1648351648351649 -0.1607142857142857 -0.1555555555555556 -1.0725191475191480
8 0.0000000000000000 -0.3888888888888888 -0.4666666666666667 -0.4772727272727273 -0.4666666666666666 -0.4487179487179488 -0.4285714285714286 -0.4083333333333333 -3.0851176601176613

9e etape :
   x1                     x2              x3              x4              x5              x6              x7
          x8              ╬╗
1 0.1250000000000000 0.1111111111111111 0.1000000000000000 0.0909090909090909 0.0833333333333333 0.0769230769230769 0.0714285714285714 0.0666666666666667 0.7253718503718505
2 0.0000000000000000 -0.0019841269841270 -0.0031746031746032 -0.0038961038961039 -0.0043290043290043 -0.0045787545787546 -0.0047095761381476 -0.0047619047619048 -0.0274340738626453
3 0.0000000000000000 -0.0000000000000000 0.0074074074074080 0.0151515151515155 0.0216450216450220 0.0267094017094025 0.0305250305250309 0.0333333333333340 0.1347717097717142
4 0.0000000000000000 -0.0000000000000000 0.0022222222222225 0.0046753246753248 0.0068181818181820 0.0085470085470089 0.0098901098901101 0.0109090909090912 0.0430619380619399
5 0.0000000000000000 -0.0111111111111111 -0.0171428571428572 -0.0204545454545455 -0.0222222222222222 -0.0230769230769231 -0.0233766233766234 -0.0233333333333333 -0.1407176157176160
6 0.0000000000000000 -0.0052910052910053 -0.0083333333333333 -0.0101010101010101 -0.0111111111111111 -0.0116550116550117 -0.0119047619047619 -0.0119658119658120 -0.0703620453620453
7 0.0000000000000000 -0.1111111111111111 -0.1500000000000000 -0.1636363636363636 -0.1666666666666667 -0.1648351648351649 -0.1607142857142857 -0.1555555555555556 -1.0725191475191480
8 0.0000000000000000 -0.3888888888888888 -0.4666666666666667 -0.4772727272727273 -0.4666666666666666 -0.4487179487179488 -0.4285714285714286 -0.4083333333333333 -3.0851176601176613

10e etape :
   x1                     x2              x3              x4              x5              x6              x7
          x8              ╬╗
1 0.1250000000000000 0.1111111111111111 0.1000000000000000 0.0909090909090909 0.0833333333333333 0.0769230769230769 0.0714285714285714 0.0666666666666667 0.7253718503718505
2 0.0000000000000000 -0.0019841269841270 -0.0031746031746032 -0.0038961038961039 -0.0043290043290043 -0.0045787545787546 -0.0047095761381476 -0.0047619047619048 -0.0274340738626453
3 0.0000000000000000 -0.0000000000000000 0.0074074074074080 0.0151515151515155 0.0216450216450220 0.0267094017094025 0.0305250305250309 0.0333333333333340 0.1347717097717142
4 0.0000000000000000 -0.0000000000000000 0.0022222222222225 0.0046753246753248 0.0068181818181820 0.0085470085470089 0.0098901098901101 0.0109090909090912 0.0430619380619399
5 0.0000000000000000 -0.0000000000000000 0.0006349206349208 0.0013636363636365 0.0020202020202021 0.0025641025641028 0.0029970029970031 0.0033333333333335 0.0129131979131989
6 0.0000000000000000 -0.0052910052910053 -0.0083333333333333 -0.0101010101010101 -0.0111111111111111 -0.0116550116550117 -0.0119047619047619 -0.0119658119658120 -0.0703620453620453
7 0.0000000000000000 -0.1111111111111111 -0.1500000000000000 -0.1636363636363636 -0.1666666666666667 -0.1648351648351649 -0.1607142857142857 -0.1555555555555556 -1.0725191475191480
8 0.0000000000000000 -0.3888888888888888 -0.4666666666666667 -0.4772727272727273 -0.4666666666666666 -0.4487179487179488 -0.4285714285714286 -0.4083333333333333 -3.0851176601176613

11e etape :
   x1                     x2              x3              x4              x5              x6              x7
          x8              ╬╗
1 0.1250000000000000 0.1111111111111111 0.1000000000000000 0.0909090909090909 0.0833333333333333 0.0769230769230769 0.0714285714285714 0.0666666666666667 0.7253718503718505
2 0.0000000000000000 -0.0019841269841270 -0.0031746031746032 -0.0038961038961039 -0.0043290043290043 -0.0045787545787546 -0.0047095761381476 -0.0047619047619048 -0.0274340738626453
3 0.0000000000000000 -0.0000000000000000 0.0074074074074080 0.0151515151515155 0.0216450216450220 0.0267094017094025 0.0305250305250309 0.0333333333333340 0.1347717097717142
4 0.0000000000000000 -0.0000000000000000 0.0022222222222225 0.0046753246753248 0.0068181818181820 0.0085470085470089 0.0098901098901101 0.0109090909090912 0.0430619380619399
5 0.0000000000000000 -0.0000000000000000 0.0006349206349208 0.0013636363636365 0.0020202020202021 0.0025641025641028 0.0029970029970031 0.0033333333333335 0.0129131979131989
6 0.0000000000000000 -0.0000000000000000 0.0001322751322752 0.0002886002886003 0.0004329004329005 0.0005550005550006 0.0006541077969650 0.0007326007326008 0.0027954849383426
7 0.0000000000000000 -0.1111111111111111 -0.1500000000000000 -0.1636363636363636 -0.1666666666666667 -0.1648351648351649 -0.1607142857142857 -0.1555555555555556 -1.0725191475191480
8 0.0000000000000000 -0.3888888888888888 -0.4666666666666667 -0.4772727272727273 -0.4666666666666666 -0.4487179487179488 -0.4285714285714286 -0.4083333333333333 -3.0851176601176613

12e etape :
   x1                     x2              x3              x4              x5              x6              x7
          x8              ╬╗
1 0.1250000000000000 0.1111111111111111 0.1000000000000000 0.0909090909090909 0.0833333333333333 0.0769230769230769 0.0714285714285714 0.0666666666666667 0.7253718503718505
2 0.0000000000000000 -0.0019841269841270 -0.0031746031746032 -0.0038961038961039 -0.0043290043290043 -0.0045787545787546 -0.0047095761381476 -0.0047619047619048 -0.0274340738626453
3 0.0000000000000000 -0.0000000000000000 0.0074074074074080 0.0151515151515155 0.0216450216450220 0.0267094017094025 0.0305250305250309 0.0333333333333340 0.1347717097717142
4 0.0000000000000000 -0.0000000000000000 0.0022222222222225 0.0046753246753248 0.0068181818181820 0.0085470085470089 0.0098901098901101 0.0109090909090912 0.0430619380619399
5 0.0000000000000000 -0.0000000000000000 0.0006349206349208 0.0013636363636365 0.0020202020202021 0.0025641025641028 0.0029970029970031 0.0033333333333335 0.0129131979131989
6 0.0000000000000000 -0.0000000000000000 0.0001322751322752 0.0002886002886003 0.0004329004329005 0.0005550005550006 0.0006541077969650 0.0007326007326008 0.0027954849383426
7 0.0000000000000000 -0.0000000000000000 0.0277777777777793 0.0545454545454556 0.0757575757575767 0.0915750915750936 0.1030219780219791 0.1111111111111129 0.4637889887890001
8 0.0000000000000000 -0.3888888888888888 -0.4666666666666667 -0.4772727272727273 -0.4666666666666666 -0.4487179487179488 -0.4285714285714286 -0.4083333333333333 -3.0851176601176613

13e etape :
   x1                     x2              x3              x4              x5              x6              x7
          x8              ╬╗
1 0.1250000000000000 0.1111111111111111 0.1000000000000000 0.0909090909090909 0.0833333333333333 0.0769230769230769 0.0714285714285714 0.0666666666666667 0.7253718503718505
2 0.0000000000000000 -0.0019841269841270 -0.0031746031746032 -0.0038961038961039 -0.0043290043290043 -0.0045787545787546 -0.0047095761381476 -0.0047619047619048 -0.0274340738626453
3 0.0000000000000000 -0.0000000000000000 0.0074074074074080 0.0151515151515155 0.0216450216450220 0.0267094017094025 0.0305250305250309 0.0333333333333340 0.1347717097717142
4 0.0000000000000000 -0.0000000000000000 0.0022222222222225 0.0046753246753248 0.0068181818181820 0.0085470085470089 0.0098901098901101 0.0109090909090912 0.0430619380619399
5 0.0000000000000000 -0.0000000000000000 0.0006349206349208 0.0013636363636365 0.0020202020202021 0.0025641025641028 0.0029970029970031 0.0033333333333335 0.0129131979131989
6 0.0000000000000000 -0.0000000000000000 0.0001322751322752 0.0002886002886003 0.0004329004329005 0.0005550005550006 0.0006541077969650 0.0007326007326008 0.0027954849383426
7 0.0000000000000000 -0.0000000000000000 0.0277777777777793 0.0545454545454556 0.0757575757575767 0.0915750915750936 0.1030219780219791 0.1111111111111129 0.4637889887890001
8 0.0000000000000000 0.0000000000000000 0.1555555555555610 0.2863636363636400 0.3818181818181852 0.4487179487179558 0.4945054945054984 0.5250000000000062 2.2919608169608567

14e etape :
   x1                     x2              x3              x4              x5              x6              x7
          x8              ╬╗
1 0.1250000000000000 0.1111111111111111 0.1000000000000000 0.0909090909090909 0.0833333333333333 0.0769230769230769 0.0714285714285714 0.0666666666666667 0.7253718503718505
2 0.0000000000000000 -0.0019841269841270 -0.0031746031746032 -0.0038961038961039 -0.0043290043290043 -0.0045787545787546 -0.0047095761381476 -0.0047619047619048 -0.0274340738626453
3 0.0000000000000000 -0.0000000000000000 0.0001322751322752 0.0002886002886003 0.0004329004329005 0.0005550005550006 0.0006541077969650 0.0007326007326008 0.0027954849383426
4 0.0000000000000000 0.0000000000000000 -0.0000000000000000 -0.0001731601731588 -0.0004545454545435 -0.0007770007769985 -0.0010989010988977 -0.0013986013985980 -0.0039022089021993
5 0.0000000000000000 -0.0000000000000000 0.0006349206349208 0.0013636363636365 0.0020202020202021 0.0025641025641028 0.0029970029970031 0.0033333333333335 0.0129131979131989
6 0.0000000000000000 -0.0000000000000000 0.0074074074074080 0.0151515151515155 0.0216450216450220 0.0267094017094025 0.0305250305250309 0.0333333333333340 0.1347717097717142
7 0.0000000000000000 -0.0000000000000000 0.0277777777777793 0.0545454545454556 0.0757575757575767 0.0915750915750936 0.1030219780219791 0.1111111111111129 0.4637889887890001
8 0.0000000000000000 0.0000000000000000 0.1555555555555610 0.2863636363636400 0.3818181818181852 0.4487179487179558 0.4945054945054984 0.5250000000000062 2.2919608169608567

15e etape :
   x1                     x2              x3              x4              x5              x6              x7
          x8              ╬╗
1 0.1250000000000000 0.1111111111111111 0.1000000000000000 0.0909090909090909 0.0833333333333333 0.0769230769230769 0.0714285714285714 0.0666666666666667 0.7253718503718505
2 0.0000000000000000 -0.0019841269841270 -0.0031746031746032 -0.0038961038961039 -0.0043290043290043 -0.0045787545787546 -0.0047095761381476 -0.0047619047619048 -0.0274340738626453
3 0.0000000000000000 -0.0000000000000000 0.0001322751322752 0.0002886002886003 0.0004329004329005 0.0005550005550006 0.0006541077969650 0.0007326007326008 0.0027954849383426
4 0.0000000000000000 0.0000000000000000 -0.0000000000000000 -0.0001731601731588 -0.0004545454545435 -0.0007770007769985 -0.0010989010988977 -0.0013986013985980 -0.0039022089021993
5 0.0000000000000000 0.0000000000000000 -0.0000000000000000 -0.0000216450216447 -0.0000577200577197 -0.0000999000998996 -0.0001427144284280 -0.0001831501831495 -0.0005051297908424
6 0.0000000000000000 -0.0000000000000000 0.0074074074074080 0.0151515151515155 0.0216450216450220 0.0267094017094025 0.0305250305250309 0.0333333333333340 0.1347717097717142
7 0.0000000000000000 -0.0000000000000000 0.0277777777777793 0.0545454545454556 0.0757575757575767 0.0915750915750936 0.1030219780219791 0.1111111111111129 0.4637889887890001
8 0.0000000000000000 0.0000000000000000 0.1555555555555610 0.2863636363636400 0.3818181818181852 0.4487179487179558 0.4945054945054984 0.5250000000000062 2.2919608169608567

16e etape :
   x1                     x2              x3              x4              x5              x6              x7
          x8              ╬╗
1 0.1250000000000000 0.1111111111111111 0.1000000000000000 0.0909090909090909 0.0833333333333333 0.0769230769230769 0.0714285714285714 0.0666666666666667 0.7253718503718505
2 0.0000000000000000 -0.0019841269841270 -0.0031746031746032 -0.0038961038961039 -0.0043290043290043 -0.0045787545787546 -0.0047095761381476 -0.0047619047619048 -0.0274340738626453
3 0.0000000000000000 -0.0000000000000000 0.0001322751322752 0.0002886002886003 0.0004329004329005 0.0005550005550006 0.0006541077969650 0.0007326007326008 0.0027954849383426
4 0.0000000000000000 0.0000000000000000 -0.0000000000000000 -0.0001731601731588 -0.0004545454545435 -0.0007770007769985 -0.0010989010988977 -0.0013986013985980 -0.0039022089021993
5 0.0000000000000000 0.0000000000000000 -0.0000000000000000 -0.0000216450216447 -0.0000577200577197 -0.0000999000998996 -0.0001427144284280 -0.0001831501831495 -0.0005051297908424
6 0.0000000000000000 0.0000000000000000 -0.0000000000000000 -0.0010101010100962 -0.0025974025973955 -0.0043706293706211 -0.0061050061049937 -0.0076923076922954 -0.0217754467754114
7 0.0000000000000000 -0.0000000000000000 0.0277777777777793 0.0545454545454556 0.0757575757575767 0.0915750915750936 0.1030219780219791 0.1111111111111129 0.4637889887890001
8 0.0000000000000000 0.0000000000000000 0.1555555555555610 0.2863636363636400 0.3818181818181852 0.4487179487179558 0.4945054945054984 0.5250000000000062 2.2919608169608567

17e etape :
   x1                     x2              x3              x4              x5              x6              x7
          x8              ╬╗
1 0.1250000000000000 0.1111111111111111 0.1000000000000000 0.0909090909090909 0.0833333333333333 0.0769230769230769 0.0714285714285714 0.0666666666666667 0.7253718503718505
2 0.0000000000000000 -0.0019841269841270 -0.0031746031746032 -0.0038961038961039 -0.0043290043290043 -0.0045787545787546 -0.0047095761381476 -0.0047619047619048 -0.0274340738626453
3 0.0000000000000000 -0.0000000000000000 0.0001322751322752 0.0002886002886003 0.0004329004329005 0.0005550005550006 0.0006541077969650 0.0007326007326008 0.0027954849383426
4 0.0000000000000000 0.0000000000000000 -0.0000000000000000 -0.0001731601731588 -0.0004545454545435 -0.0007770007769985 -0.0010989010988977 -0.0013986013985980 -0.0039022089021993
5 0.0000000000000000 0.0000000000000000 -0.0000000000000000 -0.0000216450216447 -0.0000577200577197 -0.0000999000998996 -0.0001427144284280 -0.0001831501831495 -0.0005051297908424
6 0.0000000000000000 0.0000000000000000 -0.0000000000000000 -0.0010101010100962 -0.0025974025973955 -0.0043706293706211 -0.0061050061049937 -0.0076923076922954 -0.0217754467754114
7 0.0000000000000000 0.0000000000000001 0.0000000000000000 -0.0060606060605865 -0.0151515151514862 -0.0249750249749916 -0.0343406593406093 -0.0427350427349932 -0.1232628482627040
8 0.0000000000000000 0.0000000000000000 0.1555555555555610 0.2863636363636400 0.3818181818181852 0.4487179487179558 0.4945054945054984 0.5250000000000062 2.2919608169608567

18e etape :
   x1                     x2              x3              x4              x5              x6              x7
          x8              ╬╗
1 0.1250000000000000 0.1111111111111111 0.1000000000000000 0.0909090909090909 0.0833333333333333 0.0769230769230769 0.0714285714285714 0.0666666666666667 0.7253718503718505
2 0.0000000000000000 -0.0019841269841270 -0.0031746031746032 -0.0038961038961039 -0.0043290043290043 -0.0045787545787546 -0.0047095761381476 -0.0047619047619048 -0.0274340738626453
3 0.0000000000000000 -0.0000000000000000 0.0001322751322752 0.0002886002886003 0.0004329004329005 0.0005550005550006 0.0006541077969650 0.0007326007326008 0.0027954849383426
4 0.0000000000000000 0.0000000000000000 -0.0000000000000000 -0.0001731601731588 -0.0004545454545435 -0.0007770007769985 -0.0010989010988977 -0.0013986013985980 -0.0039022089021993
5 0.0000000000000000 0.0000000000000000 -0.0000000000000000 -0.0000216450216447 -0.0000577200577197 -0.0000999000998996 -0.0001427144284280 -0.0001831501831495 -0.0005051297908424
6 0.0000000000000000 0.0000000000000000 -0.0000000000000000 -0.0010101010100962 -0.0025974025973955 -0.0043706293706211 -0.0061050061049937 -0.0076923076922954 -0.0217754467754114
7 0.0000000000000000 0.0000000000000001 0.0000000000000000 -0.0060606060605865 -0.0151515151514862 -0.0249750249749916 -0.0343406593406093 -0.0427350427349932 -0.1232628482627040
8 0.0000000000000000 0.0000000000000005 -0.0000000000000000 -0.0530303030301889 -0.1272727272725568 -0.2039627039625077 -0.2747252747249806 -0.3365384615381699 -0.9955294705286168

19e etape :
   x1                     x2              x3              x4              x5              x6              x7
          x8              ╬╗
1 0.1250000000000000 0.1111111111111111 0.1000000000000000 0.0909090909090909 0.0833333333333333 0.0769230769230769 0.0714285714285714 0.0666666666666667 0.7253718503718505
2 0.0000000000000000 -0.0019841269841270 -0.0031746031746032 -0.0038961038961039 -0.0043290043290043 -0.0045787545787546 -0.0047095761381476 -0.0047619047619048 -0.0274340738626453
3 0.0000000000000000 -0.0000000000000000 0.0001322751322752 0.0002886002886003 0.0004329004329005 0.0005550005550006 0.0006541077969650 0.0007326007326008 0.0027954849383426
4 0.0000000000000000 0.0000000000000000 -0.0000000000000000 -0.0000216450216447 -0.0000577200577197 -0.0000999000998996 -0.0001427144284280 -0.0001831501831495 -0.0005051297908424
5 0.0000000000000000 -0.0000000000000000 -0.0000000000000000 -0.0000000000000000 0.0000072150072165 0.0000222000222030 0.0000428143285328 0.0000666000666063 0.0001388294245624
6 0.0000000000000000 0.0000000000000000 -0.0000000000000000 -0.0010101010100962 -0.0025974025973955 -0.0043706293706211 -0.0061050061049937 -0.0076923076922954 -0.0217754467754114
7 0.0000000000000000 0.0000000000000001 0.0000000000000000 -0.0060606060605865 -0.0151515151514862 -0.0249750249749916 -0.0343406593406093 -0.0427350427349932 -0.1232628482627040
8 0.0000000000000000 0.0000000000000005 -0.0000000000000000 -0.0530303030301889 -0.1272727272725568 -0.2039627039625077 -0.2747252747249806 -0.3365384615381699 -0.9955294705286168

20e etape :
   x1                     x2              x3              x4              x5              x6              x7
          x8              ╬╗
1 0.1250000000000000 0.1111111111111111 0.1000000000000000 0.0909090909090909 0.0833333333333333 0.0769230769230769 0.0714285714285714 0.0666666666666667 0.7253718503718505
2 0.0000000000000000 -0.0019841269841270 -0.0031746031746032 -0.0038961038961039 -0.0043290043290043 -0.0045787545787546 -0.0047095761381476 -0.0047619047619048 -0.0274340738626453
3 0.0000000000000000 -0.0000000000000000 0.0001322751322752 0.0002886002886003 0.0004329004329005 0.0005550005550006 0.0006541077969650 0.0007326007326008 0.0027954849383426
4 0.0000000000000000 0.0000000000000000 -0.0000000000000000 -0.0000216450216447 -0.0000577200577197 -0.0000999000998996 -0.0001427144284280 -0.0001831501831495 -0.0005051297908424
5 0.0000000000000000 -0.0000000000000000 -0.0000000000000000 -0.0000000000000000 0.0000072150072165 0.0000222000222030 0.0000428143285328 0.0000666000666063 0.0001388294245624
6 0.0000000000000000 -0.0000000000000001 0.0000000000000000 -0.0000000000000000 0.0000962000962123 0.0002913752914015 0.0005550005550369 0.0008547008547546 0.0017972767974339
7 0.0000000000000000 0.0000000000000001 0.0000000000000000 -0.0060606060605865 -0.0151515151514862 -0.0249750249749916 -0.0343406593406093 -0.0427350427349932 -0.1232628482627040
8 0.0000000000000000 0.0000000000000005 -0.0000000000000000 -0.0530303030301889 -0.1272727272725568 -0.2039627039625077 -0.2747252747249806 -0.3365384615381699 -0.9955294705286168

21e etape :
   x1                     x2              x3              x4              x5              x6              x7
          x8              ╬╗
1 0.1250000000000000 0.1111111111111111 0.1000000000000000 0.0909090909090909 0.0833333333333333 0.0769230769230769 0.0714285714285714 0.0666666666666667 0.7253718503718505
2 0.0000000000000000 -0.0019841269841270 -0.0031746031746032 -0.0038961038961039 -0.0043290043290043 -0.0045787545787546 -0.0047095761381476 -0.0047619047619048 -0.0274340738626453
3 0.0000000000000000 -0.0000000000000000 0.0001322751322752 0.0002886002886003 0.0004329004329005 0.0005550005550006 0.0006541077969650 0.0007326007326008 0.0027954849383426
4 0.0000000000000000 0.0000000000000000 -0.0000000000000000 -0.0000216450216447 -0.0000577200577197 -0.0000999000998996 -0.0001427144284280 -0.0001831501831495 -0.0005051297908424
5 0.0000000000000000 -0.0000000000000000 -0.0000000000000000 -0.0000000000000000 0.0000072150072165 0.0000222000222030 0.0000428143285328 0.0000666000666063 0.0001388294245624
6 0.0000000000000000 -0.0000000000000001 0.0000000000000000 -0.0000000000000000 0.0000962000962123 0.0002913752914015 0.0005550005550369 0.0008547008547546 0.0017972767974339
7 0.0000000000000000 -0.0000000000000005 0.0000000000000000 -0.0000000000000000 0.0010101010101861 0.0029970029971880 0.0056193806196371 0.0085470085473881 0.0181734931745908
8 0.0000000000000000 0.0000000000000005 -0.0000000000000000 -0.0530303030301889 -0.1272727272725568 -0.2039627039625077 -0.2747252747249806 -0.3365384615381699 -0.9955294705286168

22e etape :
   x1                     x2              x3              x4              x5              x6              x7
          x8              ╬╗
1 0.1250000000000000 0.1111111111111111 0.1000000000000000 0.0909090909090909 0.0833333333333333 0.0769230769230769 0.0714285714285714 0.0666666666666667 0.7253718503718505
2 0.0000000000000000 -0.0019841269841270 -0.0031746031746032 -0.0038961038961039 -0.0043290043290043 -0.0045787545787546 -0.0047095761381476 -0.0047619047619048 -0.0274340738626453
3 0.0000000000000000 -0.0000000000000000 0.0001322751322752 0.0002886002886003 0.0004329004329005 0.0005550005550006 0.0006541077969650 0.0007326007326008 0.0027954849383426
4 0.0000000000000000 0.0000000000000000 -0.0000000000000000 -0.0000216450216447 -0.0000577200577197 -0.0000999000998996 -0.0001427144284280 -0.0001831501831495 -0.0005051297908424
5 0.0000000000000000 -0.0000000000000000 -0.0000000000000000 -0.0000000000000000 0.0000072150072165 0.0000222000222030 0.0000428143285328 0.0000666000666063 0.0001388294245624
6 0.0000000000000000 -0.0000000000000001 0.0000000000000000 -0.0000000000000000 0.0000962000962123 0.0002913752914015 0.0005550005550369 0.0008547008547546 0.0017972767974339
7 0.0000000000000000 -0.0000000000000005 0.0000000000000000 -0.0000000000000000 0.0010101010101861 0.0029970029971880 0.0056193806196371 0.0085470085473881 0.0181734931745908
8 0.0000000000000000 -0.0000000000000044 0.0000000000000000 0.0000000000000000 0.0141414141422276 0.0407925407943257 0.0749250749275486 0.1121794871831460 0.2420385170490337

23e etape :
   x1                     x2              x3              x4              x5              x6              x7
          x8              ╬╗
1 0.1250000000000000 0.1111111111111111 0.1000000000000000 0.0909090909090909 0.0833333333333333 0.0769230769230769 0.0714285714285714 0.0666666666666667 0.7253718503718505
2 0.0000000000000000 -0.0019841269841270 -0.0031746031746032 -0.0038961038961039 -0.0043290043290043 -0.0045787545787546 -0.0047095761381476 -0.0047619047619048 -0.0274340738626453
3 0.0000000000000000 -0.0000000000000000 0.0001322751322752 0.0002886002886003 0.0004329004329005 0.0005550005550006 0.0006541077969650 0.0007326007326008 0.0027954849383426
4 0.0000000000000000 0.0000000000000000 -0.0000000000000000 -0.0000216450216447 -0.0000577200577197 -0.0000999000998996 -0.0001427144284280 -0.0001831501831495 -0.0005051297908424
5 0.0000000000000000 -0.0000000000000000 -0.0000000000000000 -0.0000000000000000 0.0000072150072165 0.0000222000222030 0.0000428143285328 0.0000666000666063 0.0001388294245624
6 0.0000000000000000 0.0000000000000001 0.0000000000000000 0.0000000000000000 -0.0000000000000000 -0.0000046250046163 -0.0000158571586899 -0.0000333000332609 -0.0000537821965890
7 0.0000000000000000 -0.0000000000000005 0.0000000000000000 -0.0000000000000000 0.0010101010101861 0.0029970029971880 0.0056193806196371 0.0085470085473881 0.0181734931745908
8 0.0000000000000000 -0.0000000000000044 0.0000000000000000 0.0000000000000000 0.0141414141422276 0.0407925407943257 0.0749250749275486 0.1121794871831460 0.2420385170490337

24e etape :
   x1                     x2              x3              x4              x5              x6              x7
          x8              ╬╗
1 0.1250000000000000 0.1111111111111111 0.1000000000000000 0.0909090909090909 0.0833333333333333 0.0769230769230769 0.0714285714285714 0.0666666666666667 0.7253718503718505
2 0.0000000000000000 -0.0019841269841270 -0.0031746031746032 -0.0038961038961039 -0.0043290043290043 -0.0045787545787546 -0.0047095761381476 -0.0047619047619048 -0.0274340738626453
3 0.0000000000000000 -0.0000000000000000 0.0001322751322752 0.0002886002886003 0.0004329004329005 0.0005550005550006 0.0006541077969650 0.0007326007326008 0.0027954849383426
4 0.0000000000000000 0.0000000000000000 -0.0000000000000000 -0.0000216450216447 -0.0000577200577197 -0.0000999000998996 -0.0001427144284280 -0.0001831501831495 -0.0005051297908424
5 0.0000000000000000 -0.0000000000000000 -0.0000000000000000 -0.0000000000000000 0.0000072150072165 0.0000222000222030 0.0000428143285328 0.0000666000666063 0.0001388294245624
6 0.0000000000000000 0.0000000000000001 0.0000000000000000 0.0000000000000000 -0.0000000000000000 -0.0000046250046163 -0.0000158571586899 -0.0000333000332609 -0.0000537821965890
7 0.0000000000000000 0.0000000000000009 0.0000000000000000 0.0000000000000000 0.0000000000000000 -0.0001110001108654 -0.0003746253742367 -0.0007770007763740 -0.0012626262618149
8 0.0000000000000000 -0.0000000000000044 0.0000000000000000 0.0000000000000000 0.0141414141422276 0.0407925407943257 0.0749250749275486 0.1121794871831460 0.2420385170490337

25e etape :
   x1                     x2              x3              x4              x5              x6              x7
          x8              ╬╗
1 0.1250000000000000 0.1111111111111111 0.1000000000000000 0.0909090909090909 0.0833333333333333 0.0769230769230769 0.0714285714285714 0.0666666666666667 0.7253718503718505
2 0.0000000000000000 -0.0019841269841270 -0.0031746031746032 -0.0038961038961039 -0.0043290043290043 -0.0045787545787546 -0.0047095761381476 -0.0047619047619048 -0.0274340738626453
3 0.0000000000000000 -0.0000000000000000 0.0001322751322752 0.0002886002886003 0.0004329004329005 0.0005550005550006 0.0006541077969650 0.0007326007326008 0.0027954849383426
4 0.0000000000000000 0.0000000000000000 -0.0000000000000000 -0.0000216450216447 -0.0000577200577197 -0.0000999000998996 -0.0001427144284280 -0.0001831501831495 -0.0005051297908424
5 0.0000000000000000 -0.0000000000000000 -0.0000000000000000 -0.0000000000000000 0.0000072150072165 0.0000222000222030 0.0000428143285328 0.0000666000666063 0.0001388294245624
6 0.0000000000000000 0.0000000000000001 0.0000000000000000 0.0000000000000000 -0.0000000000000000 -0.0000046250046163 -0.0000158571586899 -0.0000333000332609 -0.0000537821965890
7 0.0000000000000000 0.0000000000000009 0.0000000000000000 0.0000000000000000 0.0000000000000000 -0.0001110001108654 -0.0003746253742367 -0.0007770007763740 -0.0012626262618149
8 0.0000000000000000 0.0000000000000144 0.0000000000000003 0.0000000000000000 -0.0000000000000000 -0.0027195027172587 -0.0089910089844393 -0.0183566433460314 -0.0300671550533656

26e etape :
   x1                     x2              x3              x4              x5              x6              x7
          x8              ╬╗
1 0.1250000000000000 0.1111111111111111 0.1000000000000000 0.0909090909090909 0.0833333333333333 0.0769230769230769 0.0714285714285714 0.0666666666666667 0.7253718503718505
2 0.0000000000000000 -0.0019841269841270 -0.0031746031746032 -0.0038961038961039 -0.0043290043290043 -0.0045787545787546 -0.0047095761381476 -0.0047619047619048 -0.0274340738626453
3 0.0000000000000000 -0.0000000000000000 0.0001322751322752 0.0002886002886003 0.0004329004329005 0.0005550005550006 0.0006541077969650 0.0007326007326008 0.0027954849383426
4 0.0000000000000000 0.0000000000000000 -0.0000000000000000 -0.0000216450216447 -0.0000577200577197 -0.0000999000998996 -0.0001427144284280 -0.0001831501831495 -0.0005051297908424
5 0.0000000000000000 -0.0000000000000000 -0.0000000000000000 -0.0000000000000000 0.0000072150072165 0.0000222000222030 0.0000428143285328 0.0000666000666063 0.0001388294245624
6 0.0000000000000000 0.0000000000000001 0.0000000000000000 0.0000000000000000 -0.0000000000000000 -0.0000046250046163 -0.0000158571586899 -0.0000333000332609 -0.0000537821965890
7 0.0000000000000000 -0.0000000000000005 -0.0000000000000000 -0.0000000000000000 0.0000000000000000 0.0000000000000000 0.0000059464345729 0.0000222000224149 0.0000281464571744
8 0.0000000000000000 0.0000000000000144 0.0000000000000003 0.0000000000000000 -0.0000000000000000 -0.0027195027172587 -0.0089910089844393 -0.0183566433460314 -0.0300671550533656

27e etape :
   x1                     x2              x3              x4              x5              x6              x7
          x8              ╬╗
1 0.1250000000000000 0.1111111111111111 0.1000000000000000 0.0909090909090909 0.0833333333333333 0.0769230769230769 0.0714285714285714 0.0666666666666667 0.7253718503718505
2 0.0000000000000000 -0.0019841269841270 -0.0031746031746032 -0.0038961038961039 -0.0043290043290043 -0.0045787545787546 -0.0047095761381476 -0.0047619047619048 -0.0274340738626453
3 0.0000000000000000 -0.0000000000000000 0.0001322751322752 0.0002886002886003 0.0004329004329005 0.0005550005550006 0.0006541077969650 0.0007326007326008 0.0027954849383426
4 0.0000000000000000 0.0000000000000000 -0.0000000000000000 -0.0000216450216447 -0.0000577200577197 -0.0000999000998996 -0.0001427144284280 -0.0001831501831495 -0.0005051297908424
5 0.0000000000000000 -0.0000000000000000 -0.0000000000000000 -0.0000000000000000 0.0000072150072165 0.0000222000222030 0.0000428143285328 0.0000666000666063 0.0001388294245624
6 0.0000000000000000 0.0000000000000001 0.0000000000000000 0.0000000000000000 -0.0000000000000000 -0.0000046250046163 -0.0000158571586899 -0.0000333000332609 -0.0000537821965890
7 0.0000000000000000 -0.0000000000000005 -0.0000000000000000 -0.0000000000000000 0.0000000000000000 0.0000000000000000 0.0000059464345729 0.0000222000224149 0.0000281464571744
8 0.0000000000000000 -0.0000000000000185 -0.0000000000000007 -0.0000000000000000 0.0000000000000000 -0.0000000000000000 0.0003330003350162 0.0012237762319006 0.0015567765741509

28e etape :
   x1                     x2              x3              x4              x5              x6              x7
          x8              ╬╗
1 0.1250000000000000 0.1111111111111111 0.1000000000000000 0.0909090909090909 0.0833333333333333 0.0769230769230769 0.0714285714285714 0.0666666666666667 0.7253718503718505
2 0.0000000000000000 -0.0019841269841270 -0.0031746031746032 -0.0038961038961039 -0.0043290043290043 -0.0045787545787546 -0.0047095761381476 -0.0047619047619048 -0.0274340738626453
3 0.0000000000000000 -0.0000000000000000 0.0001322751322752 0.0002886002886003 0.0004329004329005 0.0005550005550006 0.0006541077969650 0.0007326007326008 0.0027954849383426
4 0.0000000000000000 0.0000000000000000 -0.0000000000000000 -0.0000216450216447 -0.0000577200577197 -0.0000999000998996 -0.0001427144284280 -0.0001831501831495 -0.0005051297908424
5 0.0000000000000000 -0.0000000000000000 -0.0000000000000000 -0.0000000000000000 0.0000072150072165 0.0000222000222030 0.0000428143285328 0.0000666000666063 0.0001388294245624
6 0.0000000000000000 0.0000000000000001 0.0000000000000000 0.0000000000000000 -0.0000000000000000 -0.0000046250046163 -0.0000158571586899 -0.0000333000332609 -0.0000537821965890
7 0.0000000000000000 -0.0000000000000005 -0.0000000000000000 -0.0000000000000000 0.0000000000000000 0.0000000000000000 0.0000059464345729 0.0000222000224149 0.0000281464571744
8 0.0000000000000000 0.0000000000000080 0.0000000000000004 0.0000000000000000 -0.0000000000000000 -0.0000000000000000 -0.0000000000000000 -0.0000194250193540 -0.0000194250225652

Les reponses sont:
x1 = 0.9999999999433236 x2 = 1.0000000030468730 x3 = 0.9999999601539754 x4 = 1.0000002158244570 x5 = 0.9999994186264097
        x6 = 1.0000008229281427 x7 = 0.9999994142073486 x8 = 1.0000001653106059

Les mineurs principaux sont:
m1 = 0.1250000000000000 m2 = -0.0019841269841270        m3 = 0.0001322751322752 m4 = -0.0000216450216447        m5 = 0.0000072150072165 m6 = -0.0000046250046163        m7 = 0.0000059464345729 m8 = -0.0000194250193540
