Voici ci-dessous l exemple de Hilbert:
Veuillez saisir le nombre d inconnu et d equation connue :
7
Voici votre matrice initialisee :
   x1                     x2              x3              x4              x5              x6              x7
          ╬╗
1 1.0000000000000000 0.5000000000000000 0.3333333333333333 0.2500000000000000 0.2000000000000000 0.1666666666666667 0.1428571428571429 2.5928571428571425
2 0.5000000000000000 0.3333333333333333 0.2500000000000000 0.2000000000000000 0.1666666666666667 0.1428571428571429 0.1250000000000000 1.7178571428571427
3 0.3333333333333333 0.2500000000000000 0.2000000000000000 0.1666666666666667 0.1428571428571429 0.1250000000000000 0.1111111111111111 1.3289682539682539
4 0.2500000000000000 0.2000000000000000 0.1666666666666667 0.1428571428571429 0.1250000000000000 0.1111111111111111 0.1000000000000000 1.0956349206349207
5 0.2000000000000000 0.1666666666666667 0.1428571428571429 0.1250000000000000 0.1111111111111111 0.1000000000000000 0.0909090909090909 0.9365440115440116
6 0.1666666666666667 0.1428571428571429 0.1250000000000000 0.1111111111111111 0.1000000000000000 0.0909090909090909 0.0833333333333333 0.8198773448773450
7 0.1428571428571429 0.1250000000000000 0.1111111111111111 0.1000000000000000 0.0909090909090909 0.0833333333333333 0.0769230769230769 0.7301337551337552

1e etape :
   x1                     x2              x3              x4              x5              x6              x7
          ╬╗
1 0.1428571428571429 0.1250000000000000 0.1111111111111111 0.1000000000000000 0.0909090909090909 0.0833333333333333 0.0769230769230769 0.7301337551337552
2 0.0000000000000000 -0.1041666666666667 -0.1388888888888889 -0.1500000000000000 -0.1515151515151516 -0.1488095238095238 -0.1442307692307693 -0.8376110001110005
3 0.3333333333333333 0.2500000000000000 0.2000000000000000 0.1666666666666667 0.1428571428571429 0.1250000000000000 0.1111111111111111 1.3289682539682539
4 0.2500000000000000 0.2000000000000000 0.1666666666666667 0.1428571428571429 0.1250000000000000 0.1111111111111111 0.1000000000000000 1.0956349206349207
5 0.2000000000000000 0.1666666666666667 0.1428571428571429 0.1250000000000000 0.1111111111111111 0.1000000000000000 0.0909090909090909 0.9365440115440116
6 0.1666666666666667 0.1428571428571429 0.1250000000000000 0.1111111111111111 0.1000000000000000 0.0909090909090909 0.0833333333333333 0.8198773448773450
7 1.0000000000000000 0.5000000000000000 0.3333333333333333 0.2500000000000000 0.2000000000000000 0.1666666666666667 0.1428571428571429 2.5928571428571425

2e etape :
   x1                     x2              x3              x4              x5              x6              x7
          ╬╗
1 0.1428571428571429 0.1250000000000000 0.1111111111111111 0.1000000000000000 0.0909090909090909 0.0833333333333333 0.0769230769230769 0.7301337551337552
2 0.0000000000000000 -0.1041666666666667 -0.1388888888888889 -0.1500000000000000 -0.1515151515151516 -0.1488095238095238 -0.1442307692307693 -0.8376110001110005
3 -0.0000000000000000 -0.0416666666666667 -0.0592592592592592 -0.0666666666666667 -0.0692640692640693 -0.0694444444444444 -0.0683760683760684 -0.3746771746771750
4 0.2500000000000000 0.2000000000000000 0.1666666666666667 0.1428571428571429 0.1250000000000000 0.1111111111111111 0.1000000000000000 1.0956349206349207
5 0.2000000000000000 0.1666666666666667 0.1428571428571429 0.1250000000000000 0.1111111111111111 0.1000000000000000 0.0909090909090909 0.9365440115440116
6 0.1666666666666667 0.1428571428571429 0.1250000000000000 0.1111111111111111 0.1000000000000000 0.0909090909090909 0.0833333333333333 0.8198773448773450
7 1.0000000000000000 0.5000000000000000 0.3333333333333333 0.2500000000000000 0.2000000000000000 0.1666666666666667 0.1428571428571429 2.5928571428571425

3e etape :
   x1                     x2              x3              x4              x5              x6              x7
          ╬╗
1 0.1428571428571429 0.1250000000000000 0.1111111111111111 0.1000000000000000 0.0909090909090909 0.0833333333333333 0.0769230769230769 0.7301337551337552
2 0.0000000000000000 -0.1041666666666667 -0.1388888888888889 -0.1500000000000000 -0.1515151515151516 -0.1488095238095238 -0.1442307692307693 -0.8376110001110005
3 -0.0000000000000000 -0.0416666666666667 -0.0592592592592592 -0.0666666666666667 -0.0692640692640693 -0.0694444444444444 -0.0683760683760684 -0.3746771746771750
4 0.0000000000000000 -0.0187500000000000 -0.0277777777777778 -0.0321428571428572 -0.0340909090909091 -0.0347222222222222 -0.0346153846153846 -0.1820991508491509
5 0.2000000000000000 0.1666666666666667 0.1428571428571429 0.1250000000000000 0.1111111111111111 0.1000000000000000 0.0909090909090909 0.9365440115440116
6 0.1666666666666667 0.1428571428571429 0.1250000000000000 0.1111111111111111 0.1000000000000000 0.0909090909090909 0.0833333333333333 0.8198773448773450
7 1.0000000000000000 0.5000000000000000 0.3333333333333333 0.2500000000000000 0.2000000000000000 0.1666666666666667 0.1428571428571429 2.5928571428571425

4e etape :
   x1                     x2              x3              x4              x5              x6              x7
          ╬╗
1 0.1428571428571429 0.1250000000000000 0.1111111111111111 0.1000000000000000 0.0909090909090909 0.0833333333333333 0.0769230769230769 0.7301337551337552
2 0.0000000000000000 -0.1041666666666667 -0.1388888888888889 -0.1500000000000000 -0.1515151515151516 -0.1488095238095238 -0.1442307692307693 -0.8376110001110005
3 -0.0000000000000000 -0.0416666666666667 -0.0592592592592592 -0.0666666666666667 -0.0692640692640693 -0.0694444444444444 -0.0683760683760684 -0.3746771746771750
4 0.0000000000000000 -0.0187500000000000 -0.0277777777777778 -0.0321428571428572 -0.0340909090909091 -0.0347222222222222 -0.0346153846153846 -0.1820991508491509
5 0.0000000000000000 -0.0083333333333334 -0.0126984126984127 -0.0150000000000000 -0.0161616161616162 -0.0166666666666667 -0.0167832167832168 -0.0856432456432458
6 0.1666666666666667 0.1428571428571429 0.1250000000000000 0.1111111111111111 0.1000000000000000 0.0909090909090909 0.0833333333333333 0.8198773448773450
7 1.0000000000000000 0.5000000000000000 0.3333333333333333 0.2500000000000000 0.2000000000000000 0.1666666666666667 0.1428571428571429 2.5928571428571425

5e etape :
   x1                     x2              x3              x4              x5              x6              x7
          ╬╗
1 0.1428571428571429 0.1250000000000000 0.1111111111111111 0.1000000000000000 0.0909090909090909 0.0833333333333333 0.0769230769230769 0.7301337551337552
2 0.0000000000000000 -0.1041666666666667 -0.1388888888888889 -0.1500000000000000 -0.1515151515151516 -0.1488095238095238 -0.1442307692307693 -0.8376110001110005
3 -0.0000000000000000 -0.0416666666666667 -0.0592592592592592 -0.0666666666666667 -0.0692640692640693 -0.0694444444444444 -0.0683760683760684 -0.3746771746771750
4 0.0000000000000000 -0.0187500000000000 -0.0277777777777778 -0.0321428571428572 -0.0340909090909091 -0.0347222222222222 -0.0346153846153846 -0.1820991508491509
5 0.0000000000000000 -0.0083333333333334 -0.0126984126984127 -0.0150000000000000 -0.0161616161616162 -0.0166666666666667 -0.0167832167832168 -0.0856432456432458
6 -0.0000000000000000 -0.0029761904761905 -0.0046296296296296 -0.0055555555555556 -0.0060606060606061 -0.0063131313131313 -0.0064102564102564 -0.0319453694453695
7 1.0000000000000000 0.5000000000000000 0.3333333333333333 0.2500000000000000 0.2000000000000000 0.1666666666666667 0.1428571428571429 2.5928571428571425

6e etape :
   x1                     x2              x3              x4              x5              x6              x7
          ╬╗
1 0.1428571428571429 0.1250000000000000 0.1111111111111111 0.1000000000000000 0.0909090909090909 0.0833333333333333 0.0769230769230769 0.7301337551337552
2 0.0000000000000000 -0.1041666666666667 -0.1388888888888889 -0.1500000000000000 -0.1515151515151516 -0.1488095238095238 -0.1442307692307693 -0.8376110001110005
3 -0.0000000000000000 -0.0416666666666667 -0.0592592592592592 -0.0666666666666667 -0.0692640692640693 -0.0694444444444444 -0.0683760683760684 -0.3746771746771750
4 0.0000000000000000 -0.0187500000000000 -0.0277777777777778 -0.0321428571428572 -0.0340909090909091 -0.0347222222222222 -0.0346153846153846 -0.1820991508491509
5 0.0000000000000000 -0.0083333333333334 -0.0126984126984127 -0.0150000000000000 -0.0161616161616162 -0.0166666666666667 -0.0167832167832168 -0.0856432456432458
6 -0.0000000000000000 -0.0029761904761905 -0.0046296296296296 -0.0055555555555556 -0.0060606060606061 -0.0063131313131313 -0.0064102564102564 -0.0319453694453695
7 0.0000000000000001 -0.3750000000000000 -0.4444444444444444 -0.4500000000000001 -0.4363636363636364 -0.4166666666666666 -0.3956043956043956 -2.5180791430791443

7e etape :
   x1                     x2              x3              x4              x5              x6              x7
          ╬╗
1 0.1428571428571429 0.1250000000000000 0.1111111111111111 0.1000000000000000 0.0909090909090909 0.0833333333333333 0.0769230769230769 0.7301337551337552
2 -0.0000000000000000 -0.0029761904761905 -0.0046296296296296 -0.0055555555555556 -0.0060606060606061 -0.0063131313131313 -0.0064102564102564 -0.0319453694453695
3 0.0000000000000001 0.0000000000000000 0.0055555555555552 0.0111111111111109 0.0155844155844152 0.0189393939393934 0.0213675213675211 0.0725579975579956
4 0.0000000000000000 -0.0187500000000000 -0.0277777777777778 -0.0321428571428572 -0.0340909090909091 -0.0347222222222222 -0.0346153846153846 -0.1820991508491509
5 0.0000000000000000 -0.0083333333333334 -0.0126984126984127 -0.0150000000000000 -0.0161616161616162 -0.0166666666666667 -0.0167832167832168 -0.0856432456432458
6 0.0000000000000000 -0.1041666666666667 -0.1388888888888889 -0.1500000000000000 -0.1515151515151516 -0.1488095238095238 -0.1442307692307693 -0.8376110001110005
7 0.0000000000000001 -0.3750000000000000 -0.4444444444444444 -0.4500000000000001 -0.4363636363636364 -0.4166666666666666 -0.3956043956043956 -2.5180791430791443

8e etape :
   x1                     x2              x3              x4              x5              x6              x7
          ╬╗
1 0.1428571428571429 0.1250000000000000 0.1111111111111111 0.1000000000000000 0.0909090909090909 0.0833333333333333 0.0769230769230769 0.7301337551337552
2 -0.0000000000000000 -0.0029761904761905 -0.0046296296296296 -0.0055555555555556 -0.0060606060606061 -0.0063131313131313 -0.0064102564102564 -0.0319453694453695
3 0.0000000000000001 0.0000000000000000 0.0055555555555552 0.0111111111111109 0.0155844155844152 0.0189393939393934 0.0213675213675211 0.0725579975579956
4 0.0000000000000001 -0.0000000000000000 0.0013888888888887 0.0028571428571427 0.0040909090909089 0.0050505050505048 0.0057692307692306 0.0191566766566757
5 0.0000000000000000 -0.0083333333333334 -0.0126984126984127 -0.0150000000000000 -0.0161616161616162 -0.0166666666666667 -0.0167832167832168 -0.0856432456432458
6 0.0000000000000000 -0.1041666666666667 -0.1388888888888889 -0.1500000000000000 -0.1515151515151516 -0.1488095238095238 -0.1442307692307693 -0.8376110001110005
7 0.0000000000000001 -0.3750000000000000 -0.4444444444444444 -0.4500000000000001 -0.4363636363636364 -0.4166666666666666 -0.3956043956043956 -2.5180791430791443

9e etape :
   x1                     x2              x3              x4              x5              x6              x7
          ╬╗
1 0.1428571428571429 0.1250000000000000 0.1111111111111111 0.1000000000000000 0.0909090909090909 0.0833333333333333 0.0769230769230769 0.7301337551337552
2 -0.0000000000000000 -0.0029761904761905 -0.0046296296296296 -0.0055555555555556 -0.0060606060606061 -0.0063131313131313 -0.0064102564102564 -0.0319453694453695
3 0.0000000000000001 0.0000000000000000 0.0055555555555552 0.0111111111111109 0.0155844155844152 0.0189393939393934 0.0213675213675211 0.0725579975579956
4 0.0000000000000001 -0.0000000000000000 0.0013888888888887 0.0028571428571427 0.0040909090909089 0.0050505050505048 0.0057692307692306 0.0191566766566757
5 0.0000000000000000 0.0000000000000000 0.0002645502645502 0.0005555555555556 0.0008080808080808 0.0010101010101010 0.0011655011655011 0.0038037888037885
6 0.0000000000000000 -0.1041666666666667 -0.1388888888888889 -0.1500000000000000 -0.1515151515151516 -0.1488095238095238 -0.1442307692307693 -0.8376110001110005
7 0.0000000000000001 -0.3750000000000000 -0.4444444444444444 -0.4500000000000001 -0.4363636363636364 -0.4166666666666666 -0.3956043956043956 -2.5180791430791443

10e etape :
   x1                     x2              x3              x4              x5              x6              x7
          ╬╗
1 0.1428571428571429 0.1250000000000000 0.1111111111111111 0.1000000000000000 0.0909090909090909 0.0833333333333333 0.0769230769230769 0.7301337551337552
2 -0.0000000000000000 -0.0029761904761905 -0.0046296296296296 -0.0055555555555556 -0.0060606060606061 -0.0063131313131313 -0.0064102564102564 -0.0319453694453695
3 0.0000000000000001 0.0000000000000000 0.0055555555555552 0.0111111111111109 0.0155844155844152 0.0189393939393934 0.0213675213675211 0.0725579975579956
4 0.0000000000000001 -0.0000000000000000 0.0013888888888887 0.0028571428571427 0.0040909090909089 0.0050505050505048 0.0057692307692306 0.0191566766566757
5 0.0000000000000000 0.0000000000000000 0.0002645502645502 0.0005555555555556 0.0008080808080808 0.0010101010101010 0.0011655011655011 0.0038037888037885
6 0.0000000000000004 -0.0000000000000000 0.0231481481481473 0.0444444444444440 0.0606060606060595 0.0721500721500708 0.0801282051282044 0.2804769304769256
7 0.0000000000000001 -0.3750000000000000 -0.4444444444444444 -0.4500000000000001 -0.4363636363636364 -0.4166666666666666 -0.3956043956043956 -2.5180791430791443

11e etape :
   x1                     x2              x3              x4              x5              x6              x7
          ╬╗
1 0.1428571428571429 0.1250000000000000 0.1111111111111111 0.1000000000000000 0.0909090909090909 0.0833333333333333 0.0769230769230769 0.7301337551337552
2 -0.0000000000000000 -0.0029761904761905 -0.0046296296296296 -0.0055555555555556 -0.0060606060606061 -0.0063131313131313 -0.0064102564102564 -0.0319453694453695
3 0.0000000000000001 0.0000000000000000 0.0055555555555552 0.0111111111111109 0.0155844155844152 0.0189393939393934 0.0213675213675211 0.0725579975579956
4 0.0000000000000001 -0.0000000000000000 0.0013888888888887 0.0028571428571427 0.0040909090909089 0.0050505050505048 0.0057692307692306 0.0191566766566757
5 0.0000000000000000 0.0000000000000000 0.0002645502645502 0.0005555555555556 0.0008080808080808 0.0010101010101010 0.0011655011655011 0.0038037888037885
6 0.0000000000000004 -0.0000000000000000 0.0231481481481473 0.0444444444444440 0.0606060606060595 0.0721500721500708 0.0801282051282044 0.2804769304769256
7 0.0000000000000014 0.0000000000000000 0.1388888888888857 0.2499999999999985 0.3272727272727234 0.3787878787878740 0.4120879120879094 1.5070374070373895

12e etape :
   x1                     x2              x3              x4              x5              x6              x7
          ╬╗
1 0.1428571428571429 0.1250000000000000 0.1111111111111111 0.1000000000000000 0.0909090909090909 0.0833333333333333 0.0769230769230769 0.7301337551337552
2 -0.0000000000000000 -0.0029761904761905 -0.0046296296296296 -0.0055555555555556 -0.0060606060606061 -0.0063131313131313 -0.0064102564102564 -0.0319453694453695
3 0.0000000000000000 0.0000000000000000 0.0002645502645502 0.0005555555555556 0.0008080808080808 0.0010101010101010 0.0011655011655011 0.0038037888037885
4 -0.0000000000000001 -0.0000000000000000 0.0000000000000000 -0.0000595238095240 -0.0001515151515153 -0.0002525252525255 -0.0003496503496507 -0.0008132145632150
5 0.0000000000000001 0.0000000000000000 0.0055555555555552 0.0111111111111109 0.0155844155844152 0.0189393939393934 0.0213675213675211 0.0725579975579956
6 0.0000000000000004 -0.0000000000000000 0.0231481481481473 0.0444444444444440 0.0606060606060595 0.0721500721500708 0.0801282051282044 0.2804769304769256
7 0.0000000000000014 0.0000000000000000 0.1388888888888857 0.2499999999999985 0.3272727272727234 0.3787878787878740 0.4120879120879094 1.5070374070373895

13e etape :
   x1                     x2              x3              x4              x5              x6              x7
          ╬╗
1 0.1428571428571429 0.1250000000000000 0.1111111111111111 0.1000000000000000 0.0909090909090909 0.0833333333333333 0.0769230769230769 0.7301337551337552
2 -0.0000000000000000 -0.0029761904761905 -0.0046296296296296 -0.0055555555555556 -0.0060606060606061 -0.0063131313131313 -0.0064102564102564 -0.0319453694453695
3 0.0000000000000000 0.0000000000000000 0.0002645502645502 0.0005555555555556 0.0008080808080808 0.0010101010101010 0.0011655011655011 0.0038037888037885
4 -0.0000000000000001 -0.0000000000000000 0.0000000000000000 -0.0000595238095240 -0.0001515151515153 -0.0002525252525255 -0.0003496503496507 -0.0008132145632150
5 -0.0000000000000006 -0.0000000000000000 -0.0000000000000000 -0.0005555555555570 -0.0013852813852826 -0.0022727272727291 -0.0031080031080058 -0.0073215673215727
6 0.0000000000000004 -0.0000000000000000 0.0231481481481473 0.0444444444444440 0.0606060606060595 0.0721500721500708 0.0801282051282044 0.2804769304769256
7 0.0000000000000014 0.0000000000000000 0.1388888888888857 0.2499999999999985 0.3272727272727234 0.3787878787878740 0.4120879120879094 1.5070374070373895

14e etape :
   x1                     x2              x3              x4              x5              x6              x7
          ╬╗
1 0.1428571428571429 0.1250000000000000 0.1111111111111111 0.1000000000000000 0.0909090909090909 0.0833333333333333 0.0769230769230769 0.7301337551337552
2 -0.0000000000000000 -0.0029761904761905 -0.0046296296296296 -0.0055555555555556 -0.0060606060606061 -0.0063131313131313 -0.0064102564102564 -0.0319453694453695
3 0.0000000000000000 0.0000000000000000 0.0002645502645502 0.0005555555555556 0.0008080808080808 0.0010101010101010 0.0011655011655011 0.0038037888037885
4 -0.0000000000000001 -0.0000000000000000 0.0000000000000000 -0.0000595238095240 -0.0001515151515153 -0.0002525252525255 -0.0003496503496507 -0.0008132145632150
5 -0.0000000000000006 -0.0000000000000000 -0.0000000000000000 -0.0005555555555570 -0.0013852813852826 -0.0022727272727291 -0.0031080031080058 -0.0073215673215727
6 -0.0000000000000025 -0.0000000000000001 0.0000000000000000 -0.0041666666666733 -0.0101010101010161 -0.0162337662337751 -0.0218531468531599 -0.0523545898546157
7 0.0000000000000014 0.0000000000000000 0.1388888888888857 0.2499999999999985 0.3272727272727234 0.3787878787878740 0.4120879120879094 1.5070374070373895

15e etape :
   x1                     x2              x3              x4              x5              x6              x7
          ╬╗
1 0.1428571428571429 0.1250000000000000 0.1111111111111111 0.1000000000000000 0.0909090909090909 0.0833333333333333 0.0769230769230769 0.7301337551337552
2 -0.0000000000000000 -0.0029761904761905 -0.0046296296296296 -0.0055555555555556 -0.0060606060606061 -0.0063131313131313 -0.0064102564102564 -0.0319453694453695
3 0.0000000000000000 0.0000000000000000 0.0002645502645502 0.0005555555555556 0.0008080808080808 0.0010101010101010 0.0011655011655011 0.0038037888037885
4 -0.0000000000000001 -0.0000000000000000 0.0000000000000000 -0.0000595238095240 -0.0001515151515153 -0.0002525252525255 -0.0003496503496507 -0.0008132145632150
5 -0.0000000000000006 -0.0000000000000000 -0.0000000000000000 -0.0005555555555570 -0.0013852813852826 -0.0022727272727291 -0.0031080031080058 -0.0073215673215727
6 -0.0000000000000025 -0.0000000000000001 0.0000000000000000 -0.0041666666666733 -0.0101010101010161 -0.0162337662337751 -0.0218531468531599 -0.0523545898546157
7 -0.0000000000000158 -0.0000000000000003 0.0000000000000000 -0.0416666666667098 -0.0969696969697368 -0.1515151515152091 -0.1998001998002853 -0.4899517149518872

16e etape :
   x1                     x2              x3              x4              x5              x6              x7
          ╬╗
1 0.1428571428571429 0.1250000000000000 0.1111111111111111 0.1000000000000000 0.0909090909090909 0.0833333333333333 0.0769230769230769 0.7301337551337552
2 -0.0000000000000000 -0.0029761904761905 -0.0046296296296296 -0.0055555555555556 -0.0060606060606061 -0.0063131313131313 -0.0064102564102564 -0.0319453694453695
3 0.0000000000000000 0.0000000000000000 0.0002645502645502 0.0005555555555556 0.0008080808080808 0.0010101010101010 0.0011655011655011 0.0038037888037885
4 -0.0000000000000001 -0.0000000000000000 0.0000000000000000 -0.0000595238095240 -0.0001515151515153 -0.0002525252525255 -0.0003496503496507 -0.0008132145632150
5 0.0000000000000003 0.0000000000000000 -0.0000000000000000 0.0000000000000000 0.0000288600288584 0.0000841750841728 0.0001554001553970 0.0002684352684254
6 -0.0000000000000025 -0.0000000000000001 0.0000000000000000 -0.0041666666666733 -0.0101010101010161 -0.0162337662337751 -0.0218531468531599 -0.0523545898546157
7 -0.0000000000000158 -0.0000000000000003 0.0000000000000000 -0.0416666666667098 -0.0969696969697368 -0.1515151515152091 -0.1998001998002853 -0.4899517149518872

17e etape :
   x1                     x2              x3              x4              x5              x6              x7
          ╬╗
1 0.1428571428571429 0.1250000000000000 0.1111111111111111 0.1000000000000000 0.0909090909090909 0.0833333333333333 0.0769230769230769 0.7301337551337552
2 -0.0000000000000000 -0.0029761904761905 -0.0046296296296296 -0.0055555555555556 -0.0060606060606061 -0.0063131313131313 -0.0064102564102564 -0.0319453694453695
3 0.0000000000000000 0.0000000000000000 0.0002645502645502 0.0005555555555556 0.0008080808080808 0.0010101010101010 0.0011655011655011 0.0038037888037885
4 -0.0000000000000001 -0.0000000000000000 0.0000000000000000 -0.0000595238095240 -0.0001515151515153 -0.0002525252525255 -0.0003496503496507 -0.0008132145632150
5 0.0000000000000003 0.0000000000000000 -0.0000000000000000 0.0000000000000000 0.0000288600288584 0.0000841750841728 0.0001554001553970 0.0002684352684254
6 0.0000000000000039 0.0000000000000001 0.0000000000000000 -0.0000000000000000 0.0005050505050314 0.0014430014429720 0.0026223776223374 0.0045704295703148
7 -0.0000000000000158 -0.0000000000000003 0.0000000000000000 -0.0416666666667098 -0.0969696969697368 -0.1515151515152091 -0.1998001998002853 -0.4899517149518872

18e etape :
   x1                     x2              x3              x4              x5              x6              x7
          ╬╗
1 0.1428571428571429 0.1250000000000000 0.1111111111111111 0.1000000000000000 0.0909090909090909 0.0833333333333333 0.0769230769230769 0.7301337551337552
2 -0.0000000000000000 -0.0029761904761905 -0.0046296296296296 -0.0055555555555556 -0.0060606060606061 -0.0063131313131313 -0.0064102564102564 -0.0319453694453695
3 0.0000000000000000 0.0000000000000000 0.0002645502645502 0.0005555555555556 0.0008080808080808 0.0010101010101010 0.0011655011655011 0.0038037888037885
4 -0.0000000000000001 -0.0000000000000000 0.0000000000000000 -0.0000595238095240 -0.0001515151515153 -0.0002525252525255 -0.0003496503496507 -0.0008132145632150
5 0.0000000000000003 0.0000000000000000 -0.0000000000000000 0.0000000000000000 0.0000288600288584 0.0000841750841728 0.0001554001553970 0.0002684352684254
6 0.0000000000000039 0.0000000000000001 0.0000000000000000 -0.0000000000000000 0.0005050505050314 0.0014430014429720 0.0026223776223374 0.0045704295703148
7 0.0000000000000483 0.0000000000000018 0.0000000000000000 0.0000000000000000 0.0090909090906798 0.0252525252521633 0.0449550449545511 0.0792984792971002

19e etape :
   x1                     x2              x3              x4              x5              x6              x7
          ╬╗
1 0.1428571428571429 0.1250000000000000 0.1111111111111111 0.1000000000000000 0.0909090909090909 0.0833333333333333 0.0769230769230769 0.7301337551337552
2 -0.0000000000000000 -0.0029761904761905 -0.0046296296296296 -0.0055555555555556 -0.0060606060606061 -0.0063131313131313 -0.0064102564102564 -0.0319453694453695
3 0.0000000000000000 0.0000000000000000 0.0002645502645502 0.0005555555555556 0.0008080808080808 0.0010101010101010 0.0011655011655011 0.0038037888037885
4 -0.0000000000000001 -0.0000000000000000 0.0000000000000000 -0.0000595238095240 -0.0001515151515153 -0.0002525252525255 -0.0003496503496507 -0.0008132145632150
5 0.0000000000000003 0.0000000000000000 -0.0000000000000000 0.0000000000000000 0.0000288600288584 0.0000841750841728 0.0001554001553970 0.0002684352684254
6 -0.0000000000000012 -0.0000000000000001 0.0000000000000000 -0.0000000000000000 -0.0000000000000000 -0.0000300625300786 -0.0000971250971598 -0.0001271876272167
7 0.0000000000000483 0.0000000000000018 0.0000000000000000 0.0000000000000000 0.0090909090906798 0.0252525252521633 0.0449550449545511 0.0792984792971002

20e etape :
   x1                     x2              x3              x4              x5              x6              x7
          ╬╗
1 0.1428571428571429 0.1250000000000000 0.1111111111111111 0.1000000000000000 0.0909090909090909 0.0833333333333333 0.0769230769230769 0.7301337551337552
2 -0.0000000000000000 -0.0029761904761905 -0.0046296296296296 -0.0055555555555556 -0.0060606060606061 -0.0063131313131313 -0.0064102564102564 -0.0319453694453695
3 0.0000000000000000 0.0000000000000000 0.0002645502645502 0.0005555555555556 0.0008080808080808 0.0010101010101010 0.0011655011655011 0.0038037888037885
4 -0.0000000000000001 -0.0000000000000000 0.0000000000000000 -0.0000595238095240 -0.0001515151515153 -0.0002525252525255 -0.0003496503496507 -0.0008132145632150
5 0.0000000000000003 0.0000000000000000 -0.0000000000000000 0.0000000000000000 0.0000288600288584 0.0000841750841728 0.0001554001553970 0.0002684352684254
6 -0.0000000000000012 -0.0000000000000001 0.0000000000000000 -0.0000000000000000 -0.0000000000000000 -0.0000300625300786 -0.0000971250971598 -0.0001271876272167
7 -0.0000000000000441 -0.0000000000000033 0.0000000000000001 -0.0000000000000000 -0.0000000000000000 -0.0012626262630801 -0.0039960039970126 -0.0052586302595277

21e etape :
   x1                     x2              x3              x4              x5              x6              x7
          ╬╗
1 0.1428571428571429 0.1250000000000000 0.1111111111111111 0.1000000000000000 0.0909090909090909 0.0833333333333333 0.0769230769230769 0.7301337551337552
2 -0.0000000000000000 -0.0029761904761905 -0.0046296296296296 -0.0055555555555556 -0.0060606060606061 -0.0063131313131313 -0.0064102564102564 -0.0319453694453695
3 0.0000000000000000 0.0000000000000000 0.0002645502645502 0.0005555555555556 0.0008080808080808 0.0010101010101010 0.0011655011655011 0.0038037888037885
4 -0.0000000000000001 -0.0000000000000000 0.0000000000000000 -0.0000595238095240 -0.0001515151515153 -0.0002525252525255 -0.0003496503496507 -0.0008132145632150
5 0.0000000000000003 0.0000000000000000 -0.0000000000000000 0.0000000000000000 0.0000288600288584 0.0000841750841728 0.0001554001553970 0.0002684352684254
6 -0.0000000000000012 -0.0000000000000001 0.0000000000000000 -0.0000000000000000 -0.0000000000000000 -0.0000300625300786 -0.0000971250971598 -0.0001271876272167
7 0.0000000000000060 0.0000000000000023 -0.0000000000000002 0.0000000000000000 0.0000000000000000 0.0000000000000000 0.0000832500829897 0.0000832500826442

Les reponses sont:
x1 = 0.9999999999943714 x2 = 1.0000000002205081 x3 = 0.9999999979003245 x4 = 1.0000000080962468 x5 = 0.9999999852472431
        x6 = 1.0000000126880557 x7 = 0.9999999958495554

Les mineurs principaux sont:
m1 = 0.1428571428571429 m2 = -0.0029761904761905        m3 = 0.0002645502645502 m4 = -0.0000595238095240        m5 = 0.0000288600288584 m6 = -0.0000300625300786        m7 = 0.0000832500829897