Voici ci-dessous l exemple de Hilbert:
Veuillez saisir le nombre d inconnu et d equation connue :
5
Voici votre matrice initialisee :
   x1                     x2              x3              x4              x5              ╬╗
1 1.0000000000000000 0.5000000000000000 0.3333333333333333 0.2500000000000000 0.2000000000000000 2.2833333333333332
2 0.5000000000000000 0.3333333333333333 0.2500000000000000 0.2000000000000000 0.1666666666666667 1.4500000000000000
3 0.3333333333333333 0.2500000000000000 0.2000000000000000 0.1666666666666667 0.1428571428571429 1.0928571428571427
4 0.2500000000000000 0.2000000000000000 0.1666666666666667 0.1428571428571429 0.1250000000000000 0.8845238095238095
5 0.2000000000000000 0.1666666666666667 0.1428571428571429 0.1250000000000000 0.1111111111111111 0.7456349206349207

1e etape :
   x1                     x2              x3              x4              x5              ╬╗
1 0.2000000000000000 0.1666666666666667 0.1428571428571429 0.1250000000000000 0.1111111111111111 0.7456349206349207
2 -0.0000000000000000 -0.0833333333333333 -0.1071428571428571 -0.1125000000000000 -0.1111111111111111 -0.4140873015873017
3 0.3333333333333333 0.2500000000000000 0.2000000000000000 0.1666666666666667 0.1428571428571429 1.0928571428571427
4 0.2500000000000000 0.2000000000000000 0.1666666666666667 0.1428571428571429 0.1250000000000000 0.8845238095238095
5 1.0000000000000000 0.5000000000000000 0.3333333333333333 0.2500000000000000 0.2000000000000000 2.2833333333333332

2e etape :
   x1                     x2              x3              x4              x5              ╬╗
1 0.2000000000000000 0.1666666666666667 0.1428571428571429 0.1250000000000000 0.1111111111111111 0.7456349206349207
2 -0.0000000000000000 -0.0833333333333333 -0.1071428571428571 -0.1125000000000000 -0.1111111111111111 -0.4140873015873017
3 -0.0000000000000000 -0.0277777777777777 -0.0380952380952381 -0.0416666666666667 -0.0423280423280423 -0.1498677248677249
4 0.2500000000000000 0.2000000000000000 0.1666666666666667 0.1428571428571429 0.1250000000000000 0.8845238095238095
5 1.0000000000000000 0.5000000000000000 0.3333333333333333 0.2500000000000000 0.2000000000000000 2.2833333333333332

3e etape :
   x1                     x2              x3              x4              x5              ╬╗
1 0.2000000000000000 0.1666666666666667 0.1428571428571429 0.1250000000000000 0.1111111111111111 0.7456349206349207
2 -0.0000000000000000 -0.0833333333333333 -0.1071428571428571 -0.1125000000000000 -0.1111111111111111 -0.4140873015873017
3 -0.0000000000000000 -0.0277777777777777 -0.0380952380952381 -0.0416666666666667 -0.0423280423280423 -0.1498677248677249
4 -0.0000000000000000 -0.0083333333333333 -0.0119047619047619 -0.0133928571428572 -0.0138888888888889 -0.0475198412698413
5 1.0000000000000000 0.5000000000000000 0.3333333333333333 0.2500000000000000 0.2000000000000000 2.2833333333333332

4e etape :
   x1                     x2              x3              x4              x5              ╬╗
1 0.2000000000000000 0.1666666666666667 0.1428571428571429 0.1250000000000000 0.1111111111111111 0.7456349206349207
2 -0.0000000000000000 -0.0833333333333333 -0.1071428571428571 -0.1125000000000000 -0.1111111111111111 -0.4140873015873017
3 -0.0000000000000000 -0.0277777777777777 -0.0380952380952381 -0.0416666666666667 -0.0423280423280423 -0.1498677248677249
4 -0.0000000000000000 -0.0083333333333333 -0.0119047619047619 -0.0133928571428572 -0.0138888888888889 -0.0475198412698413
5 -0.0000000000000001 -0.3333333333333333 -0.3809523809523809 -0.3750000000000000 -0.3555555555555555 -1.4448412698412700

5e etape :
   x1                     x2              x3              x4              x5              ╬╗
1 0.2000000000000000 0.1666666666666667 0.1428571428571429 0.1250000000000000 0.1111111111111111 0.7456349206349207
2 -0.0000000000000000 -0.0083333333333333 -0.0119047619047619 -0.0133928571428572 -0.0138888888888889 -0.0475198412698413
3 0.0000000000000000 -0.0000000000000000 0.0015873015873017 0.0029761904761906 0.0039682539682540 0.0085317460317464
4 -0.0000000000000000 -0.0833333333333333 -0.1071428571428571 -0.1125000000000000 -0.1111111111111111 -0.4140873015873017
5 -0.0000000000000001 -0.3333333333333333 -0.3809523809523809 -0.3750000000000000 -0.3555555555555555 -1.4448412698412700

6e etape :
   x1                     x2              x3              x4              x5              ╬╗
1 0.2000000000000000 0.1666666666666667 0.1428571428571429 0.1250000000000000 0.1111111111111111 0.7456349206349207
2 -0.0000000000000000 -0.0083333333333333 -0.0119047619047619 -0.0133928571428572 -0.0138888888888889 -0.0475198412698413
3 0.0000000000000000 -0.0000000000000000 0.0015873015873017 0.0029761904761906 0.0039682539682540 0.0085317460317464
4 0.0000000000000001 0.0000000000000000 0.0119047619047622 0.0214285714285719 0.0277777777777781 0.0611111111111128
5 -0.0000000000000001 -0.3333333333333333 -0.3809523809523809 -0.3750000000000000 -0.3555555555555555 -1.4448412698412700

7e etape :
   x1                     x2              x3              x4              x5              ╬╗
1 0.2000000000000000 0.1666666666666667 0.1428571428571429 0.1250000000000000 0.1111111111111111 0.7456349206349207
2 -0.0000000000000000 -0.0083333333333333 -0.0119047619047619 -0.0133928571428572 -0.0138888888888889 -0.0475198412698413
3 0.0000000000000000 -0.0000000000000000 0.0015873015873017 0.0029761904761906 0.0039682539682540 0.0085317460317464
4 0.0000000000000001 0.0000000000000000 0.0119047619047622 0.0214285714285719 0.0277777777777781 0.0611111111111128
5 0.0000000000000005 -0.0000000000000000 0.0952380952380964 0.1607142857142874 0.2000000000000011 0.4559523809523876

8e etape :
   x1                     x2              x3              x4              x5              ╬╗
1 0.2000000000000000 0.1666666666666667 0.1428571428571429 0.1250000000000000 0.1111111111111111 0.7456349206349207
2 -0.0000000000000000 -0.0083333333333333 -0.0119047619047619 -0.0133928571428572 -0.0138888888888889 -0.0475198412698413
3 0.0000000000000000 -0.0000000000000000 0.0015873015873017 0.0029761904761906 0.0039682539682540 0.0085317460317464
4 -0.0000000000000002 0.0000000000000000 0.0000000000000000 -0.0008928571428567 -0.0019841269841261 -0.0028769841269830
5 0.0000000000000005 -0.0000000000000000 0.0952380952380964 0.1607142857142874 0.2000000000000011 0.4559523809523876

9e etape :
   x1                     x2              x3              x4              x5              ╬╗
1 0.2000000000000000 0.1666666666666667 0.1428571428571429 0.1250000000000000 0.1111111111111111 0.7456349206349207
2 -0.0000000000000000 -0.0083333333333333 -0.0119047619047619 -0.0133928571428572 -0.0138888888888889 -0.0475198412698413
3 0.0000000000000000 -0.0000000000000000 0.0015873015873017 0.0029761904761906 0.0039682539682540 0.0085317460317464
4 -0.0000000000000002 0.0000000000000000 0.0000000000000000 -0.0008928571428567 -0.0019841269841261 -0.0028769841269830
5 -0.0000000000000018 0.0000000000000001 -0.0000000000000000 -0.0178571428571385 -0.0380952380952290 -0.0559523809523714

10e etape :
   x1                     x2              x3              x4              x5              ╬╗
1 0.2000000000000000 0.1666666666666667 0.1428571428571429 0.1250000000000000 0.1111111111111111 0.7456349206349207
2 -0.0000000000000000 -0.0083333333333333 -0.0119047619047619 -0.0133928571428572 -0.0138888888888889 -0.0475198412698413
3 0.0000000000000000 -0.0000000000000000 0.0015873015873017 0.0029761904761906 0.0039682539682540 0.0085317460317464
4 -0.0000000000000002 0.0000000000000000 0.0000000000000000 -0.0008928571428567 -0.0019841269841261 -0.0028769841269830
5 0.0000000000000018 -0.0000000000000001 -0.0000000000000000 -0.0000000000000000 0.0015873015873038 0.0015873015873038

Les reponses sont:
x1 = 0.9999999999999865 x2 = 1.0000000000001490 x3 = 0.9999999999996426 x4 = 1.0000000000002405 x5 = 0.9999999999999906


Les mineurs principaux sont:
m1 = 0.2000000000000000 m2 = -0.0083333333333333        m3 = 0.0015873015873017 m4 = -0.0008928571428567        m5 = 0.0015873015873038