Voici ci-dessous l exemple de Hilbert:
Veuillez saisir le nombre d inconnu et d equation connue :
7
Voici votre matrice initialisee :
   x1                     x2              x3              x4              x5              x6              x7
          ╬╗
1 1.0000000000000000 0.5000000000000000 0.3333333333333333 0.2500000000000000 0.2000000000000000 0.1666666666666667 0.1428571428571429 2.5928571428571425
2 0.5000000000000000 0.3333333333333333 0.2500000000000000 0.2000000000000000 0.1666666666666667 0.1428571428571429 0.1250000000000000 1.7178571428571427
3 0.3333333333333333 0.2500000000000000 0.2000000000000000 0.1666666666666667 0.1428571428571429 0.1250000000000000 0.1111111111111111 1.3289682539682539
4 0.2500000000000000 0.2000000000000000 0.1666666666666667 0.1428571428571429 0.1250000000000000 0.1111111111111111 0.1000000000000000 1.0956349206349207
5 0.2000000000000000 0.1666666666666667 0.1428571428571429 0.1250000000000000 0.1111111111111111 0.1000000000000000 0.0909090909090909 0.9365440115440116
6 0.1666666666666667 0.1428571428571429 0.1250000000000000 0.1111111111111111 0.1000000000000000 0.0909090909090909 0.0833333333333333 0.8198773448773450
7 0.1428571428571429 0.1250000000000000 0.1111111111111111 0.1000000000000000 0.0909090909090909 0.0833333333333333 0.0769230769230769 0.7301337551337552

1e etape :
   x1                     x2              x3              x4              x5              x6              x7
          ╬╗
1 1.0000000000000000 0.5000000000000000 0.3333333333333333 0.2500000000000000 0.2000000000000000 0.1666666666666667 0.1428571428571429 2.5928571428571425
2 0.0000000000000000 0.0833333333333333 0.0833333333333333 0.0750000000000000 0.0666666666666667 0.0595238095238095 0.0535714285714286 0.4214285714285715
3 0.3333333333333333 0.2500000000000000 0.2000000000000000 0.1666666666666667 0.1428571428571429 0.1250000000000000 0.1111111111111111 1.3289682539682539
4 0.2500000000000000 0.2000000000000000 0.1666666666666667 0.1428571428571429 0.1250000000000000 0.1111111111111111 0.1000000000000000 1.0956349206349207
5 0.2000000000000000 0.1666666666666667 0.1428571428571429 0.1250000000000000 0.1111111111111111 0.1000000000000000 0.0909090909090909 0.9365440115440116
6 0.1666666666666667 0.1428571428571429 0.1250000000000000 0.1111111111111111 0.1000000000000000 0.0909090909090909 0.0833333333333333 0.8198773448773450
7 0.1428571428571429 0.1250000000000000 0.1111111111111111 0.1000000000000000 0.0909090909090909 0.0833333333333333 0.0769230769230769 0.7301337551337552

2e etape :
   x1                     x2              x3              x4              x5              x6              x7
          ╬╗
1 1.0000000000000000 0.5000000000000000 0.3333333333333333 0.2500000000000000 0.2000000000000000 0.1666666666666667 0.1428571428571429 2.5928571428571425
2 0.0000000000000000 0.0833333333333333 0.0833333333333333 0.0750000000000000 0.0666666666666667 0.0595238095238095 0.0535714285714286 0.4214285714285715
3 0.0000000000000000 0.0833333333333333 0.0888888888888889 0.0833333333333333 0.0761904761904762 0.0694444444444444 0.0634920634920635 0.4646825396825398
4 0.2500000000000000 0.2000000000000000 0.1666666666666667 0.1428571428571429 0.1250000000000000 0.1111111111111111 0.1000000000000000 1.0956349206349207
5 0.2000000000000000 0.1666666666666667 0.1428571428571429 0.1250000000000000 0.1111111111111111 0.1000000000000000 0.0909090909090909 0.9365440115440116
6 0.1666666666666667 0.1428571428571429 0.1250000000000000 0.1111111111111111 0.1000000000000000 0.0909090909090909 0.0833333333333333 0.8198773448773450
7 0.1428571428571429 0.1250000000000000 0.1111111111111111 0.1000000000000000 0.0909090909090909 0.0833333333333333 0.0769230769230769 0.7301337551337552

3e etape :
   x1                     x2              x3              x4              x5              x6              x7
          ╬╗
1 1.0000000000000000 0.5000000000000000 0.3333333333333333 0.2500000000000000 0.2000000000000000 0.1666666666666667 0.1428571428571429 2.5928571428571425
2 0.0000000000000000 0.0833333333333333 0.0833333333333333 0.0750000000000000 0.0666666666666667 0.0595238095238095 0.0535714285714286 0.4214285714285715
3 0.0000000000000000 0.0833333333333333 0.0888888888888889 0.0833333333333333 0.0761904761904762 0.0694444444444444 0.0634920634920635 0.4646825396825398
4 0.0000000000000000 0.0750000000000000 0.0833333333333333 0.0803571428571428 0.0750000000000000 0.0694444444444444 0.0642857142857143 0.4474206349206351
5 0.2000000000000000 0.1666666666666667 0.1428571428571429 0.1250000000000000 0.1111111111111111 0.1000000000000000 0.0909090909090909 0.9365440115440116
6 0.1666666666666667 0.1428571428571429 0.1250000000000000 0.1111111111111111 0.1000000000000000 0.0909090909090909 0.0833333333333333 0.8198773448773450
7 0.1428571428571429 0.1250000000000000 0.1111111111111111 0.1000000000000000 0.0909090909090909 0.0833333333333333 0.0769230769230769 0.7301337551337552

4e etape :
   x1                     x2              x3              x4              x5              x6              x7
          ╬╗
1 1.0000000000000000 0.5000000000000000 0.3333333333333333 0.2500000000000000 0.2000000000000000 0.1666666666666667 0.1428571428571429 2.5928571428571425
2 0.0000000000000000 0.0833333333333333 0.0833333333333333 0.0750000000000000 0.0666666666666667 0.0595238095238095 0.0535714285714286 0.4214285714285715
3 0.0000000000000000 0.0833333333333333 0.0888888888888889 0.0833333333333333 0.0761904761904762 0.0694444444444444 0.0634920634920635 0.4646825396825398
4 0.0000000000000000 0.0750000000000000 0.0833333333333333 0.0803571428571428 0.0750000000000000 0.0694444444444444 0.0642857142857143 0.4474206349206351
5 0.0000000000000000 0.0666666666666667 0.0761904761904762 0.0750000000000000 0.0711111111111111 0.0666666666666667 0.0623376623376623 0.4179725829725831
6 0.1666666666666667 0.1428571428571429 0.1250000000000000 0.1111111111111111 0.1000000000000000 0.0909090909090909 0.0833333333333333 0.8198773448773450
7 0.1428571428571429 0.1250000000000000 0.1111111111111111 0.1000000000000000 0.0909090909090909 0.0833333333333333 0.0769230769230769 0.7301337551337552

5e etape :
   x1                     x2              x3              x4              x5              x6              x7
          ╬╗
1 1.0000000000000000 0.5000000000000000 0.3333333333333333 0.2500000000000000 0.2000000000000000 0.1666666666666667 0.1428571428571429 2.5928571428571425
2 0.0000000000000000 0.0833333333333333 0.0833333333333333 0.0750000000000000 0.0666666666666667 0.0595238095238095 0.0535714285714286 0.4214285714285715
3 0.0000000000000000 0.0833333333333333 0.0888888888888889 0.0833333333333333 0.0761904761904762 0.0694444444444444 0.0634920634920635 0.4646825396825398
4 0.0000000000000000 0.0750000000000000 0.0833333333333333 0.0803571428571428 0.0750000000000000 0.0694444444444444 0.0642857142857143 0.4474206349206351
5 0.0000000000000000 0.0666666666666667 0.0761904761904762 0.0750000000000000 0.0711111111111111 0.0666666666666667 0.0623376623376623 0.4179725829725831
6 0.0000000000000000 0.0595238095238095 0.0694444444444444 0.0694444444444444 0.0666666666666667 0.0631313131313131 0.0595238095238095 0.3877344877344879
7 0.1428571428571429 0.1250000000000000 0.1111111111111111 0.1000000000000000 0.0909090909090909 0.0833333333333333 0.0769230769230769 0.7301337551337552

6e etape :
   x1                     x2              x3              x4              x5              x6              x7
          ╬╗
1 1.0000000000000000 0.5000000000000000 0.3333333333333333 0.2500000000000000 0.2000000000000000 0.1666666666666667 0.1428571428571429 2.5928571428571425
2 0.0000000000000000 0.0833333333333333 0.0833333333333333 0.0750000000000000 0.0666666666666667 0.0595238095238095 0.0535714285714286 0.4214285714285715
3 0.0000000000000000 0.0833333333333333 0.0888888888888889 0.0833333333333333 0.0761904761904762 0.0694444444444444 0.0634920634920635 0.4646825396825398
4 0.0000000000000000 0.0750000000000000 0.0833333333333333 0.0803571428571428 0.0750000000000000 0.0694444444444444 0.0642857142857143 0.4474206349206351
5 0.0000000000000000 0.0666666666666667 0.0761904761904762 0.0750000000000000 0.0711111111111111 0.0666666666666667 0.0623376623376623 0.4179725829725831
6 0.0000000000000000 0.0595238095238095 0.0694444444444444 0.0694444444444444 0.0666666666666667 0.0631313131313131 0.0595238095238095 0.3877344877344879
7 0.0000000000000000 0.0535714285714286 0.0634920634920635 0.0642857142857143 0.0623376623376623 0.0595238095238095 0.0565149136577708 0.3597255918684492

7e etape :
   x1                     x2              x3              x4              x5              x6              x7
          ╬╗
1 1.0000000000000000 0.5000000000000000 0.3333333333333333 0.2500000000000000 0.2000000000000000 0.1666666666666667 0.1428571428571429 2.5928571428571425
2 0.0000000000000000 0.0833333333333333 0.0888888888888889 0.0833333333333333 0.0761904761904762 0.0694444444444444 0.0634920634920635 0.4646825396825398
3 0.0000000000000000 0.0000000000000000 -0.0055555555555555 -0.0083333333333333 -0.0095238095238095 -0.0099206349206349 -0.0099206349206349 -0.0432539682539682
4 0.0000000000000000 0.0750000000000000 0.0833333333333333 0.0803571428571428 0.0750000000000000 0.0694444444444444 0.0642857142857143 0.4474206349206351
5 0.0000000000000000 0.0666666666666667 0.0761904761904762 0.0750000000000000 0.0711111111111111 0.0666666666666667 0.0623376623376623 0.4179725829725831
6 0.0000000000000000 0.0595238095238095 0.0694444444444444 0.0694444444444444 0.0666666666666667 0.0631313131313131 0.0595238095238095 0.3877344877344879
7 0.0000000000000000 0.0535714285714286 0.0634920634920635 0.0642857142857143 0.0623376623376623 0.0595238095238095 0.0565149136577708 0.3597255918684492

8e etape :
   x1                     x2              x3              x4              x5              x6              x7
          ╬╗
1 1.0000000000000000 0.5000000000000000 0.3333333333333333 0.2500000000000000 0.2000000000000000 0.1666666666666667 0.1428571428571429 2.5928571428571425
2 0.0000000000000000 0.0833333333333333 0.0888888888888889 0.0833333333333333 0.0761904761904762 0.0694444444444444 0.0634920634920635 0.4646825396825398
3 0.0000000000000000 0.0000000000000000 -0.0055555555555555 -0.0083333333333333 -0.0095238095238095 -0.0099206349206349 -0.0099206349206349 -0.0432539682539682
4 0.0000000000000000 0.0000000000000000 0.0033333333333333 0.0053571428571429 0.0064285714285714 0.0069444444444444 0.0071428571428572 0.0292063492063493
5 0.0000000000000000 0.0666666666666667 0.0761904761904762 0.0750000000000000 0.0711111111111111 0.0666666666666667 0.0623376623376623 0.4179725829725831
6 0.0000000000000000 0.0595238095238095 0.0694444444444444 0.0694444444444444 0.0666666666666667 0.0631313131313131 0.0595238095238095 0.3877344877344879
7 0.0000000000000000 0.0535714285714286 0.0634920634920635 0.0642857142857143 0.0623376623376623 0.0595238095238095 0.0565149136577708 0.3597255918684492

9e etape :
   x1                     x2              x3              x4              x5              x6              x7
          ╬╗
1 1.0000000000000000 0.5000000000000000 0.3333333333333333 0.2500000000000000 0.2000000000000000 0.1666666666666667 0.1428571428571429 2.5928571428571425
2 0.0000000000000000 0.0833333333333333 0.0888888888888889 0.0833333333333333 0.0761904761904762 0.0694444444444444 0.0634920634920635 0.4646825396825398
3 0.0000000000000000 0.0000000000000000 -0.0055555555555555 -0.0083333333333333 -0.0095238095238095 -0.0099206349206349 -0.0099206349206349 -0.0432539682539682
4 0.0000000000000000 0.0000000000000000 0.0033333333333333 0.0053571428571429 0.0064285714285714 0.0069444444444444 0.0071428571428572 0.0292063492063493
5 0.0000000000000000 0.0000000000000000 0.0050793650793651 0.0083333333333334 0.0101587301587302 0.0111111111111111 0.0115440115440116 0.0462265512265513
6 0.0000000000000000 0.0595238095238095 0.0694444444444444 0.0694444444444444 0.0666666666666667 0.0631313131313131 0.0595238095238095 0.3877344877344879
7 0.0000000000000000 0.0535714285714286 0.0634920634920635 0.0642857142857143 0.0623376623376623 0.0595238095238095 0.0565149136577708 0.3597255918684492

10e etape :
   x1                     x2              x3              x4              x5              x6              x7
          ╬╗
1 1.0000000000000000 0.5000000000000000 0.3333333333333333 0.2500000000000000 0.2000000000000000 0.1666666666666667 0.1428571428571429 2.5928571428571425
2 0.0000000000000000 0.0833333333333333 0.0888888888888889 0.0833333333333333 0.0761904761904762 0.0694444444444444 0.0634920634920635 0.4646825396825398
3 0.0000000000000000 0.0000000000000000 -0.0055555555555555 -0.0083333333333333 -0.0095238095238095 -0.0099206349206349 -0.0099206349206349 -0.0432539682539682
4 0.0000000000000000 0.0000000000000000 0.0033333333333333 0.0053571428571429 0.0064285714285714 0.0069444444444444 0.0071428571428572 0.0292063492063493
5 0.0000000000000000 0.0000000000000000 0.0050793650793651 0.0083333333333334 0.0101587301587302 0.0111111111111111 0.0115440115440116 0.0462265512265513
6 0.0000000000000000 -0.0000000000000000 0.0059523809523810 0.0099206349206349 0.0122448979591837 0.0135281385281385 0.0141723356009070 0.0558183879612453
7 0.0000000000000000 0.0535714285714286 0.0634920634920635 0.0642857142857143 0.0623376623376623 0.0595238095238095 0.0565149136577708 0.3597255918684492

11e etape :
   x1                     x2              x3              x4              x5              x6              x7
          ╬╗
1 1.0000000000000000 0.5000000000000000 0.3333333333333333 0.2500000000000000 0.2000000000000000 0.1666666666666667 0.1428571428571429 2.5928571428571425
2 0.0000000000000000 0.0833333333333333 0.0888888888888889 0.0833333333333333 0.0761904761904762 0.0694444444444444 0.0634920634920635 0.4646825396825398
3 0.0000000000000000 0.0000000000000000 -0.0055555555555555 -0.0083333333333333 -0.0095238095238095 -0.0099206349206349 -0.0099206349206349 -0.0432539682539682
4 0.0000000000000000 0.0000000000000000 0.0033333333333333 0.0053571428571429 0.0064285714285714 0.0069444444444444 0.0071428571428572 0.0292063492063493
5 0.0000000000000000 0.0000000000000000 0.0050793650793651 0.0083333333333334 0.0101587301587302 0.0111111111111111 0.0115440115440116 0.0462265512265513
6 0.0000000000000000 -0.0000000000000000 0.0059523809523810 0.0099206349206349 0.0122448979591837 0.0135281385281385 0.0141723356009070 0.0558183879612453
7 0.0000000000000000 0.0000000000000000 0.0063492063492063 0.0107142857142857 0.0133580705009277 0.0148809523809524 0.0156985871271586 0.0610011020725307

12e etape :
   x1                     x2              x3              x4              x5              x6              x7
          ╬╗
1 1.0000000000000000 0.5000000000000000 0.3333333333333333 0.2500000000000000 0.2000000000000000 0.1666666666666667 0.1428571428571429 2.5928571428571425
2 0.0000000000000000 0.0833333333333333 0.0888888888888889 0.0833333333333333 0.0761904761904762 0.0694444444444444 0.0634920634920635 0.4646825396825398
3 0.0000000000000000 0.0000000000000000 0.0063492063492063 0.0107142857142857 0.0133580705009277 0.0148809523809524 0.0156985871271586 0.0610011020725307
4 0.0000000000000000 -0.0000000000000000 -0.0000000000000000 -0.0002678571428571 -0.0005844155844156 -0.0008680555555555 -0.0010989010989011 -0.0028192293817292
5 0.0000000000000000 0.0000000000000000 0.0050793650793651 0.0083333333333334 0.0101587301587302 0.0111111111111111 0.0115440115440116 0.0462265512265513
6 0.0000000000000000 -0.0000000000000000 0.0059523809523810 0.0099206349206349 0.0122448979591837 0.0135281385281385 0.0141723356009070 0.0558183879612453
7 0.0000000000000000 0.0000000000000000 -0.0055555555555555 -0.0083333333333333 -0.0095238095238095 -0.0099206349206349 -0.0099206349206349 -0.0432539682539682

13e etape :
   x1                     x2              x3              x4              x5              x6              x7
          ╬╗
1 1.0000000000000000 0.5000000000000000 0.3333333333333333 0.2500000000000000 0.2000000000000000 0.1666666666666667 0.1428571428571429 2.5928571428571425
2 0.0000000000000000 0.0833333333333333 0.0888888888888889 0.0833333333333333 0.0761904761904762 0.0694444444444444 0.0634920634920635 0.4646825396825398
3 0.0000000000000000 0.0000000000000000 0.0063492063492063 0.0107142857142857 0.0133580705009277 0.0148809523809524 0.0156985871271586 0.0610011020725307
4 0.0000000000000000 -0.0000000000000000 -0.0000000000000000 -0.0002678571428571 -0.0005844155844156 -0.0008680555555555 -0.0010989010989011 -0.0028192293817292
5 0.0000000000000000 -0.0000000000000000 -0.0000000000000000 -0.0002380952380952 -0.0005277262420120 -0.0007936507936508 -0.0010148581577153 -0.0025743304314734
6 0.0000000000000000 -0.0000000000000000 0.0059523809523810 0.0099206349206349 0.0122448979591837 0.0135281385281385 0.0141723356009070 0.0558183879612453
7 0.0000000000000000 0.0000000000000000 -0.0055555555555555 -0.0083333333333333 -0.0095238095238095 -0.0099206349206349 -0.0099206349206349 -0.0432539682539682

14e etape :
   x1                     x2              x3              x4              x5              x6              x7
          ╬╗
1 1.0000000000000000 0.5000000000000000 0.3333333333333333 0.2500000000000000 0.2000000000000000 0.1666666666666667 0.1428571428571429 2.5928571428571425
2 0.0000000000000000 0.0833333333333333 0.0888888888888889 0.0833333333333333 0.0761904761904762 0.0694444444444444 0.0634920634920635 0.4646825396825398
3 0.0000000000000000 0.0000000000000000 0.0063492063492063 0.0107142857142857 0.0133580705009277 0.0148809523809524 0.0156985871271586 0.0610011020725307
4 0.0000000000000000 -0.0000000000000000 -0.0000000000000000 -0.0002678571428571 -0.0005844155844156 -0.0008680555555555 -0.0010989010989011 -0.0028192293817292
5 0.0000000000000000 -0.0000000000000000 -0.0000000000000000 -0.0002380952380952 -0.0005277262420120 -0.0007936507936508 -0.0010148581577153 -0.0025743304314734
6 0.0000000000000000 -0.0000000000000000 -0.0000000000000000 -0.0001240079365079 -0.0002782931354360 -0.0004227543290043 -0.0005450898308041 -0.0013701452317524
7 0.0000000000000000 0.0000000000000000 -0.0055555555555555 -0.0083333333333333 -0.0095238095238095 -0.0099206349206349 -0.0099206349206349 -0.0432539682539682

15e etape :
   x1                     x2              x3              x4              x5              x6              x7
          ╬╗
1 1.0000000000000000 0.5000000000000000 0.3333333333333333 0.2500000000000000 0.2000000000000000 0.1666666666666667 0.1428571428571429 2.5928571428571425
2 0.0000000000000000 0.0833333333333333 0.0888888888888889 0.0833333333333333 0.0761904761904762 0.0694444444444444 0.0634920634920635 0.4646825396825398
3 0.0000000000000000 0.0000000000000000 0.0063492063492063 0.0107142857142857 0.0133580705009277 0.0148809523809524 0.0156985871271586 0.0610011020725307
4 0.0000000000000000 -0.0000000000000000 -0.0000000000000000 -0.0002678571428571 -0.0005844155844156 -0.0008680555555555 -0.0010989010989011 -0.0028192293817292
5 0.0000000000000000 -0.0000000000000000 -0.0000000000000000 -0.0002380952380952 -0.0005277262420120 -0.0007936507936508 -0.0010148581577153 -0.0025743304314734
6 0.0000000000000000 -0.0000000000000000 -0.0000000000000000 -0.0001240079365079 -0.0002782931354360 -0.0004227543290043 -0.0005450898308041 -0.0013701452317524
7 0.0000000000000000 0.0000000000000000 -0.0000000000000000 0.0010416666666667 0.0021645021645022 0.0031001984126984 0.0038156288156288 0.0101219960594961

16e etape :
   x1                     x2              x3              x4              x5              x6              x7
          ╬╗
1 1.0000000000000000 0.5000000000000000 0.3333333333333333 0.2500000000000000 0.2000000000000000 0.1666666666666667 0.1428571428571429 2.5928571428571425
2 0.0000000000000000 0.0833333333333333 0.0888888888888889 0.0833333333333333 0.0761904761904762 0.0694444444444444 0.0634920634920635 0.4646825396825398
3 0.0000000000000000 0.0000000000000000 0.0063492063492063 0.0107142857142857 0.0133580705009277 0.0148809523809524 0.0156985871271586 0.0610011020725307
4 0.0000000000000000 0.0000000000000000 -0.0000000000000000 0.0010416666666667 0.0021645021645022 0.0031001984126984 0.0038156288156288 0.0101219960594961
5 0.0000000000000000 -0.0000000000000000 -0.0000000000000000 -0.0000000000000000 -0.0000329828901258 -0.0000850340136055 -0.0001427144284287 -0.0002607313321600
6 0.0000000000000000 -0.0000000000000000 -0.0000000000000000 -0.0001240079365079 -0.0002782931354360 -0.0004227543290043 -0.0005450898308041 -0.0013701452317524
7 0.0000000000000000 -0.0000000000000000 -0.0000000000000000 -0.0002678571428571 -0.0005844155844156 -0.0008680555555555 -0.0010989010989011 -0.0028192293817292

17e etape :
   x1                     x2              x3              x4              x5              x6              x7
          ╬╗
1 1.0000000000000000 0.5000000000000000 0.3333333333333333 0.2500000000000000 0.2000000000000000 0.1666666666666667 0.1428571428571429 2.5928571428571425
2 0.0000000000000000 0.0833333333333333 0.0888888888888889 0.0833333333333333 0.0761904761904762 0.0694444444444444 0.0634920634920635 0.4646825396825398
3 0.0000000000000000 0.0000000000000000 0.0063492063492063 0.0107142857142857 0.0133580705009277 0.0148809523809524 0.0156985871271586 0.0610011020725307
4 0.0000000000000000 0.0000000000000000 -0.0000000000000000 0.0010416666666667 0.0021645021645022 0.0031001984126984 0.0038156288156288 0.0101219960594961
5 0.0000000000000000 -0.0000000000000000 -0.0000000000000000 -0.0000000000000000 -0.0000329828901258 -0.0000850340136055 -0.0001427144284287 -0.0002607313321600
6 0.0000000000000000 -0.0000000000000000 -0.0000000000000000 0.0000000000000000 -0.0000206143063286 -0.0000536830893974 -0.0000908483051340 -0.0001651457008599
7 0.0000000000000000 -0.0000000000000000 -0.0000000000000000 -0.0002678571428571 -0.0005844155844156 -0.0008680555555555 -0.0010989010989011 -0.0028192293817292

18e etape :
   x1                     x2              x3              x4              x5              x6              x7
          ╬╗
1 1.0000000000000000 0.5000000000000000 0.3333333333333333 0.2500000000000000 0.2000000000000000 0.1666666666666667 0.1428571428571429 2.5928571428571425
2 0.0000000000000000 0.0833333333333333 0.0888888888888889 0.0833333333333333 0.0761904761904762 0.0694444444444444 0.0634920634920635 0.4646825396825398
3 0.0000000000000000 0.0000000000000000 0.0063492063492063 0.0107142857142857 0.0133580705009277 0.0148809523809524 0.0156985871271586 0.0610011020725307
4 0.0000000000000000 0.0000000000000000 -0.0000000000000000 0.0010416666666667 0.0021645021645022 0.0031001984126984 0.0038156288156288 0.0101219960594961
5 0.0000000000000000 -0.0000000000000000 -0.0000000000000000 -0.0000000000000000 -0.0000329828901258 -0.0000850340136055 -0.0001427144284287 -0.0002607313321600
6 0.0000000000000000 -0.0000000000000000 -0.0000000000000000 0.0000000000000000 -0.0000206143063286 -0.0000536830893974 -0.0000908483051340 -0.0001651457008599
7 0.0000000000000000 -0.0000000000000000 -0.0000000000000000 0.0000000000000000 -0.0000278293135436 -0.0000708616780046 -0.0001177394034537 -0.0002164303950019

19e etape :
   x1                     x2              x3              x4              x5              x6              x7
          ╬╗
1 1.0000000000000000 0.5000000000000000 0.3333333333333333 0.2500000000000000 0.2000000000000000 0.1666666666666667 0.1428571428571429 2.5928571428571425
2 0.0000000000000000 0.0833333333333333 0.0888888888888889 0.0833333333333333 0.0761904761904762 0.0694444444444444 0.0634920634920635 0.4646825396825398
3 0.0000000000000000 0.0000000000000000 0.0063492063492063 0.0107142857142857 0.0133580705009277 0.0148809523809524 0.0156985871271586 0.0610011020725307
4 0.0000000000000000 0.0000000000000000 -0.0000000000000000 0.0010416666666667 0.0021645021645022 0.0031001984126984 0.0038156288156288 0.0101219960594961
5 0.0000000000000000 -0.0000000000000000 -0.0000000000000000 -0.0000000000000000 -0.0000329828901258 -0.0000850340136055 -0.0001427144284287 -0.0002607313321600
6 0.0000000000000000 -0.0000000000000000 -0.0000000000000000 0.0000000000000000 0.0000000000000000 -0.0000005368308940 -0.0000016517873661 -0.0000021886182600
7 0.0000000000000000 -0.0000000000000000 -0.0000000000000000 0.0000000000000000 -0.0000278293135436 -0.0000708616780046 -0.0001177394034537 -0.0002164303950019

20e etape :
   x1                     x2              x3              x4              x5              x6              x7
          ╬╗
1 1.0000000000000000 0.5000000000000000 0.3333333333333333 0.2500000000000000 0.2000000000000000 0.1666666666666667 0.1428571428571429 2.5928571428571425
2 0.0000000000000000 0.0833333333333333 0.0888888888888889 0.0833333333333333 0.0761904761904762 0.0694444444444444 0.0634920634920635 0.4646825396825398
3 0.0000000000000000 0.0000000000000000 0.0063492063492063 0.0107142857142857 0.0133580705009277 0.0148809523809524 0.0156985871271586 0.0610011020725307
4 0.0000000000000000 0.0000000000000000 -0.0000000000000000 0.0010416666666667 0.0021645021645022 0.0031001984126984 0.0038156288156288 0.0101219960594961
5 0.0000000000000000 -0.0000000000000000 -0.0000000000000000 -0.0000000000000000 -0.0000329828901258 -0.0000850340136055 -0.0001427144284287 -0.0002607313321600
6 0.0000000000000000 -0.0000000000000000 -0.0000000000000000 0.0000000000000000 0.0000000000000000 -0.0000005368308940 -0.0000016517873661 -0.0000021886182600
7 0.0000000000000000 0.0000000000000000 -0.0000000000000000 0.0000000000000000 -0.0000000000000000 0.0000008857709750 0.0000026758955330 0.0000035616665081

21e etape :
   x1                     x2              x3              x4              x5              x6              x7
          ╬╗
1 1.0000000000000000 0.5000000000000000 0.3333333333333333 0.2500000000000000 0.2000000000000000 0.1666666666666667 0.1428571428571429 2.5928571428571425
2 0.0000000000000000 0.0833333333333333 0.0888888888888889 0.0833333333333333 0.0761904761904762 0.0694444444444444 0.0634920634920635 0.4646825396825398
3 0.0000000000000000 0.0000000000000000 0.0063492063492063 0.0107142857142857 0.0133580705009277 0.0148809523809524 0.0156985871271586 0.0610011020725307
4 0.0000000000000000 0.0000000000000000 -0.0000000000000000 0.0010416666666667 0.0021645021645022 0.0031001984126984 0.0038156288156288 0.0101219960594961
5 0.0000000000000000 -0.0000000000000000 -0.0000000000000000 -0.0000000000000000 -0.0000329828901258 -0.0000850340136055 -0.0001427144284287 -0.0002607313321600
6 0.0000000000000000 0.0000000000000000 -0.0000000000000000 0.0000000000000000 -0.0000000000000000 0.0000008857709750 0.0000026758955330 0.0000035616665081
7 0.0000000000000000 -0.0000000000000000 -0.0000000000000000 0.0000000000000000 -0.0000000000000000 -0.0000000000000000 -0.0000000300324975 -0.0000000300324974

Les reponses sont:
x1 = 0.9999999999956215 x2 = 1.0000000001749716 x3 = 0.9999999983119899 x4 = 1.0000000065706618 x5 = 0.9999999879407124
        x6 = 1.0000000104305764 x7 = 0.9999999965722739

Les mineurs principaux sont:
m1 = 1.0000000000000000 m2 = 0.0833333333333333 m3 = 0.0063492063492063 m4 = 0.0010416666666667 m5 = -0.0000329828901258        m6 = 0.0000008857709750 m7 = -0.0000000300324975
