Voici ci-dessous l exemple de Hilbert:
Veuillez saisir le nombre d inconnu et d equation connue :
8
Voici votre matrice initialisee :
   x1                     x2              x3              x4              x5              x6              x7
          x8              ╬╗
1 1.0000000000000000 0.5000000000000000 0.3333333333333333 0.2500000000000000 0.2000000000000000 0.1666666666666667 0.1428571428571429 0.1250000000000000 2.7178571428571425
2 0.5000000000000000 0.3333333333333333 0.2500000000000000 0.2000000000000000 0.1666666666666667 0.1428571428571429 0.1250000000000000 0.1111111111111111 1.8289682539682539
3 0.3333333333333333 0.2500000000000000 0.2000000000000000 0.1666666666666667 0.1428571428571429 0.1250000000000000 0.1111111111111111 0.1000000000000000 1.4289682539682540
4 0.2500000000000000 0.2000000000000000 0.1666666666666667 0.1428571428571429 0.1250000000000000 0.1111111111111111 0.1000000000000000 0.0909090909090909 1.1865440115440116
5 0.2000000000000000 0.1666666666666667 0.1428571428571429 0.1250000000000000 0.1111111111111111 0.1000000000000000 0.0909090909090909 0.0833333333333333 1.0198773448773448
6 0.1666666666666667 0.1428571428571429 0.1250000000000000 0.1111111111111111 0.1000000000000000 0.0909090909090909 0.0833333333333333 0.0769230769230769 0.8968004218004220
7 0.1428571428571429 0.1250000000000000 0.1111111111111111 0.1000000000000000 0.0909090909090909 0.0833333333333333 0.0769230769230769 0.0714285714285714 0.8015623265623266
8 0.1250000000000000 0.1111111111111111 0.1000000000000000 0.0909090909090909 0.0833333333333333 0.0769230769230769 0.0714285714285714 0.0666666666666667 0.7253718503718505

1e etape :
   x1                     x2              x3              x4              x5              x6              x7
          x8              ╬╗
1 1.0000000000000000 0.5000000000000000 0.3333333333333333 0.2500000000000000 0.2000000000000000 0.1666666666666667 0.1428571428571429 0.1250000000000000 2.7178571428571425
2 0.0000000000000000 0.0833333333333333 0.0833333333333333 0.0750000000000000 0.0666666666666667 0.0595238095238095 0.0535714285714286 0.0486111111111111 0.4700396825396827
3 0.3333333333333333 0.2500000000000000 0.2000000000000000 0.1666666666666667 0.1428571428571429 0.1250000000000000 0.1111111111111111 0.1000000000000000 1.4289682539682540
4 0.2500000000000000 0.2000000000000000 0.1666666666666667 0.1428571428571429 0.1250000000000000 0.1111111111111111 0.1000000000000000 0.0909090909090909 1.1865440115440116
5 0.2000000000000000 0.1666666666666667 0.1428571428571429 0.1250000000000000 0.1111111111111111 0.1000000000000000 0.0909090909090909 0.0833333333333333 1.0198773448773448
6 0.1666666666666667 0.1428571428571429 0.1250000000000000 0.1111111111111111 0.1000000000000000 0.0909090909090909 0.0833333333333333 0.0769230769230769 0.8968004218004220
7 0.1428571428571429 0.1250000000000000 0.1111111111111111 0.1000000000000000 0.0909090909090909 0.0833333333333333 0.0769230769230769 0.0714285714285714 0.8015623265623266
8 0.1250000000000000 0.1111111111111111 0.1000000000000000 0.0909090909090909 0.0833333333333333 0.0769230769230769 0.0714285714285714 0.0666666666666667 0.7253718503718505

2e etape :
   x1                     x2              x3              x4              x5              x6              x7
          x8              ╬╗
1 1.0000000000000000 0.5000000000000000 0.3333333333333333 0.2500000000000000 0.2000000000000000 0.1666666666666667 0.1428571428571429 0.1250000000000000 2.7178571428571425
2 0.0000000000000000 0.0833333333333333 0.0833333333333333 0.0750000000000000 0.0666666666666667 0.0595238095238095 0.0535714285714286 0.0486111111111111 0.4700396825396827
3 0.0000000000000000 0.0833333333333333 0.0888888888888889 0.0833333333333333 0.0761904761904762 0.0694444444444444 0.0634920634920635 0.0583333333333333 0.5230158730158732
4 0.2500000000000000 0.2000000000000000 0.1666666666666667 0.1428571428571429 0.1250000000000000 0.1111111111111111 0.1000000000000000 0.0909090909090909 1.1865440115440116
5 0.2000000000000000 0.1666666666666667 0.1428571428571429 0.1250000000000000 0.1111111111111111 0.1000000000000000 0.0909090909090909 0.0833333333333333 1.0198773448773448
6 0.1666666666666667 0.1428571428571429 0.1250000000000000 0.1111111111111111 0.1000000000000000 0.0909090909090909 0.0833333333333333 0.0769230769230769 0.8968004218004220
7 0.1428571428571429 0.1250000000000000 0.1111111111111111 0.1000000000000000 0.0909090909090909 0.0833333333333333 0.0769230769230769 0.0714285714285714 0.8015623265623266
8 0.1250000000000000 0.1111111111111111 0.1000000000000000 0.0909090909090909 0.0833333333333333 0.0769230769230769 0.0714285714285714 0.0666666666666667 0.7253718503718505

3e etape :
   x1                     x2              x3              x4              x5              x6              x7
          x8              ╬╗
1 1.0000000000000000 0.5000000000000000 0.3333333333333333 0.2500000000000000 0.2000000000000000 0.1666666666666667 0.1428571428571429 0.1250000000000000 2.7178571428571425
2 0.0000000000000000 0.0833333333333333 0.0833333333333333 0.0750000000000000 0.0666666666666667 0.0595238095238095 0.0535714285714286 0.0486111111111111 0.4700396825396827
3 0.0000000000000000 0.0833333333333333 0.0888888888888889 0.0833333333333333 0.0761904761904762 0.0694444444444444 0.0634920634920635 0.0583333333333333 0.5230158730158732
4 0.0000000000000000 0.0750000000000000 0.0833333333333333 0.0803571428571428 0.0750000000000000 0.0694444444444444 0.0642857142857143 0.0596590909090909 0.5070797258297259
5 0.2000000000000000 0.1666666666666667 0.1428571428571429 0.1250000000000000 0.1111111111111111 0.1000000000000000 0.0909090909090909 0.0833333333333333 1.0198773448773448
6 0.1666666666666667 0.1428571428571429 0.1250000000000000 0.1111111111111111 0.1000000000000000 0.0909090909090909 0.0833333333333333 0.0769230769230769 0.8968004218004220
7 0.1428571428571429 0.1250000000000000 0.1111111111111111 0.1000000000000000 0.0909090909090909 0.0833333333333333 0.0769230769230769 0.0714285714285714 0.8015623265623266
8 0.1250000000000000 0.1111111111111111 0.1000000000000000 0.0909090909090909 0.0833333333333333 0.0769230769230769 0.0714285714285714 0.0666666666666667 0.7253718503718505

4e etape :
   x1                     x2              x3              x4              x5              x6              x7
          x8              ╬╗
1 1.0000000000000000 0.5000000000000000 0.3333333333333333 0.2500000000000000 0.2000000000000000 0.1666666666666667 0.1428571428571429 0.1250000000000000 2.7178571428571425
2 0.0000000000000000 0.0833333333333333 0.0833333333333333 0.0750000000000000 0.0666666666666667 0.0595238095238095 0.0535714285714286 0.0486111111111111 0.4700396825396827
3 0.0000000000000000 0.0833333333333333 0.0888888888888889 0.0833333333333333 0.0761904761904762 0.0694444444444444 0.0634920634920635 0.0583333333333333 0.5230158730158732
4 0.0000000000000000 0.0750000000000000 0.0833333333333333 0.0803571428571428 0.0750000000000000 0.0694444444444444 0.0642857142857143 0.0596590909090909 0.5070797258297259
5 0.0000000000000000 0.0666666666666667 0.0761904761904762 0.0750000000000000 0.0711111111111111 0.0666666666666667 0.0623376623376623 0.0583333333333333 0.4763059163059163
6 0.1666666666666667 0.1428571428571429 0.1250000000000000 0.1111111111111111 0.1000000000000000 0.0909090909090909 0.0833333333333333 0.0769230769230769 0.8968004218004220
7 0.1428571428571429 0.1250000000000000 0.1111111111111111 0.1000000000000000 0.0909090909090909 0.0833333333333333 0.0769230769230769 0.0714285714285714 0.8015623265623266
8 0.1250000000000000 0.1111111111111111 0.1000000000000000 0.0909090909090909 0.0833333333333333 0.0769230769230769 0.0714285714285714 0.0666666666666667 0.7253718503718505

5e etape :
   x1                     x2              x3              x4              x5              x6              x7
          x8              ╬╗
1 1.0000000000000000 0.5000000000000000 0.3333333333333333 0.2500000000000000 0.2000000000000000 0.1666666666666667 0.1428571428571429 0.1250000000000000 2.7178571428571425
2 0.0000000000000000 0.0833333333333333 0.0833333333333333 0.0750000000000000 0.0666666666666667 0.0595238095238095 0.0535714285714286 0.0486111111111111 0.4700396825396827
3 0.0000000000000000 0.0833333333333333 0.0888888888888889 0.0833333333333333 0.0761904761904762 0.0694444444444444 0.0634920634920635 0.0583333333333333 0.5230158730158732
4 0.0000000000000000 0.0750000000000000 0.0833333333333333 0.0803571428571428 0.0750000000000000 0.0694444444444444 0.0642857142857143 0.0596590909090909 0.5070797258297259
5 0.0000000000000000 0.0666666666666667 0.0761904761904762 0.0750000000000000 0.0711111111111111 0.0666666666666667 0.0623376623376623 0.0583333333333333 0.4763059163059163
6 0.0000000000000000 0.0595238095238095 0.0694444444444444 0.0694444444444444 0.0666666666666667 0.0631313131313131 0.0595238095238095 0.0560897435897436 0.4438242313242315
7 0.1428571428571429 0.1250000000000000 0.1111111111111111 0.1000000000000000 0.0909090909090909 0.0833333333333333 0.0769230769230769 0.0714285714285714 0.8015623265623266
8 0.1250000000000000 0.1111111111111111 0.1000000000000000 0.0909090909090909 0.0833333333333333 0.0769230769230769 0.0714285714285714 0.0666666666666667 0.7253718503718505

6e etape :
   x1                     x2              x3              x4              x5              x6              x7
          x8              ╬╗
1 1.0000000000000000 0.5000000000000000 0.3333333333333333 0.2500000000000000 0.2000000000000000 0.1666666666666667 0.1428571428571429 0.1250000000000000 2.7178571428571425
2 0.0000000000000000 0.0833333333333333 0.0833333333333333 0.0750000000000000 0.0666666666666667 0.0595238095238095 0.0535714285714286 0.0486111111111111 0.4700396825396827
3 0.0000000000000000 0.0833333333333333 0.0888888888888889 0.0833333333333333 0.0761904761904762 0.0694444444444444 0.0634920634920635 0.0583333333333333 0.5230158730158732
4 0.0000000000000000 0.0750000000000000 0.0833333333333333 0.0803571428571428 0.0750000000000000 0.0694444444444444 0.0642857142857143 0.0596590909090909 0.5070797258297259
5 0.0000000000000000 0.0666666666666667 0.0761904761904762 0.0750000000000000 0.0711111111111111 0.0666666666666667 0.0623376623376623 0.0583333333333333 0.4763059163059163
6 0.0000000000000000 0.0595238095238095 0.0694444444444444 0.0694444444444444 0.0666666666666667 0.0631313131313131 0.0595238095238095 0.0560897435897436 0.4438242313242315
7 0.0000000000000000 0.0535714285714286 0.0634920634920635 0.0642857142857143 0.0623376623376623 0.0595238095238095 0.0565149136577708 0.0535714285714286 0.4132970204398777
8 0.1250000000000000 0.1111111111111111 0.1000000000000000 0.0909090909090909 0.0833333333333333 0.0769230769230769 0.0714285714285714 0.0666666666666667 0.7253718503718505

7e etape :
   x1                     x2              x3              x4              x5              x6              x7
          x8              ╬╗
1 1.0000000000000000 0.5000000000000000 0.3333333333333333 0.2500000000000000 0.2000000000000000 0.1666666666666667 0.1428571428571429 0.1250000000000000 2.7178571428571425
2 0.0000000000000000 0.0833333333333333 0.0833333333333333 0.0750000000000000 0.0666666666666667 0.0595238095238095 0.0535714285714286 0.0486111111111111 0.4700396825396827
3 0.0000000000000000 0.0833333333333333 0.0888888888888889 0.0833333333333333 0.0761904761904762 0.0694444444444444 0.0634920634920635 0.0583333333333333 0.5230158730158732
4 0.0000000000000000 0.0750000000000000 0.0833333333333333 0.0803571428571428 0.0750000000000000 0.0694444444444444 0.0642857142857143 0.0596590909090909 0.5070797258297259
5 0.0000000000000000 0.0666666666666667 0.0761904761904762 0.0750000000000000 0.0711111111111111 0.0666666666666667 0.0623376623376623 0.0583333333333333 0.4763059163059163
6 0.0000000000000000 0.0595238095238095 0.0694444444444444 0.0694444444444444 0.0666666666666667 0.0631313131313131 0.0595238095238095 0.0560897435897436 0.4438242313242315
7 0.0000000000000000 0.0535714285714286 0.0634920634920635 0.0642857142857143 0.0623376623376623 0.0595238095238095 0.0565149136577708 0.0535714285714286 0.4132970204398777
8 0.0000000000000000 0.0486111111111111 0.0583333333333333 0.0596590909090909 0.0583333333333333 0.0560897435897436 0.0535714285714286 0.0510416666666667 0.3856397075147077

8e etape :
   x1                     x2              x3              x4              x5              x6              x7
          x8              ╬╗
1 1.0000000000000000 0.5000000000000000 0.3333333333333333 0.2500000000000000 0.2000000000000000 0.1666666666666667 0.1428571428571429 0.1250000000000000 2.7178571428571425
2 0.0000000000000000 0.0833333333333333 0.0888888888888889 0.0833333333333333 0.0761904761904762 0.0694444444444444 0.0634920634920635 0.0583333333333333 0.5230158730158732
3 0.0000000000000000 0.0000000000000000 -0.0055555555555555 -0.0083333333333333 -0.0095238095238095 -0.0099206349206349 -0.0099206349206349 -0.0097222222222222 -0.0529761904761903
4 0.0000000000000000 0.0750000000000000 0.0833333333333333 0.0803571428571428 0.0750000000000000 0.0694444444444444 0.0642857142857143 0.0596590909090909 0.5070797258297259
5 0.0000000000000000 0.0666666666666667 0.0761904761904762 0.0750000000000000 0.0711111111111111 0.0666666666666667 0.0623376623376623 0.0583333333333333 0.4763059163059163
6 0.0000000000000000 0.0595238095238095 0.0694444444444444 0.0694444444444444 0.0666666666666667 0.0631313131313131 0.0595238095238095 0.0560897435897436 0.4438242313242315
7 0.0000000000000000 0.0535714285714286 0.0634920634920635 0.0642857142857143 0.0623376623376623 0.0595238095238095 0.0565149136577708 0.0535714285714286 0.4132970204398777
8 0.0000000000000000 0.0486111111111111 0.0583333333333333 0.0596590909090909 0.0583333333333333 0.0560897435897436 0.0535714285714286 0.0510416666666667 0.3856397075147077

9e etape :
   x1                     x2              x3              x4              x5              x6              x7
          x8              ╬╗
1 1.0000000000000000 0.5000000000000000 0.3333333333333333 0.2500000000000000 0.2000000000000000 0.1666666666666667 0.1428571428571429 0.1250000000000000 2.7178571428571425
2 0.0000000000000000 0.0833333333333333 0.0888888888888889 0.0833333333333333 0.0761904761904762 0.0694444444444444 0.0634920634920635 0.0583333333333333 0.5230158730158732
3 0.0000000000000000 0.0000000000000000 -0.0055555555555555 -0.0083333333333333 -0.0095238095238095 -0.0099206349206349 -0.0099206349206349 -0.0097222222222222 -0.0529761904761903
4 0.0000000000000000 0.0000000000000000 0.0033333333333333 0.0053571428571429 0.0064285714285714 0.0069444444444444 0.0071428571428572 0.0071590909090909 0.0363654401154401
5 0.0000000000000000 0.0666666666666667 0.0761904761904762 0.0750000000000000 0.0711111111111111 0.0666666666666667 0.0623376623376623 0.0583333333333333 0.4763059163059163
6 0.0000000000000000 0.0595238095238095 0.0694444444444444 0.0694444444444444 0.0666666666666667 0.0631313131313131 0.0595238095238095 0.0560897435897436 0.4438242313242315
7 0.0000000000000000 0.0535714285714286 0.0634920634920635 0.0642857142857143 0.0623376623376623 0.0595238095238095 0.0565149136577708 0.0535714285714286 0.4132970204398777
8 0.0000000000000000 0.0486111111111111 0.0583333333333333 0.0596590909090909 0.0583333333333333 0.0560897435897436 0.0535714285714286 0.0510416666666667 0.3856397075147077

10e etape :
   x1                     x2              x3              x4              x5              x6              x7
          x8              ╬╗
1 1.0000000000000000 0.5000000000000000 0.3333333333333333 0.2500000000000000 0.2000000000000000 0.1666666666666667 0.1428571428571429 0.1250000000000000 2.7178571428571425
2 0.0000000000000000 0.0833333333333333 0.0888888888888889 0.0833333333333333 0.0761904761904762 0.0694444444444444 0.0634920634920635 0.0583333333333333 0.5230158730158732
3 0.0000000000000000 0.0000000000000000 -0.0055555555555555 -0.0083333333333333 -0.0095238095238095 -0.0099206349206349 -0.0099206349206349 -0.0097222222222222 -0.0529761904761903
4 0.0000000000000000 0.0000000000000000 0.0033333333333333 0.0053571428571429 0.0064285714285714 0.0069444444444444 0.0071428571428572 0.0071590909090909 0.0363654401154401
5 0.0000000000000000 0.0000000000000000 0.0050793650793651 0.0083333333333334 0.0101587301587302 0.0111111111111111 0.0115440115440116 0.0116666666666667 0.0578932178932179
6 0.0000000000000000 0.0595238095238095 0.0694444444444444 0.0694444444444444 0.0666666666666667 0.0631313131313131 0.0595238095238095 0.0560897435897436 0.4438242313242315
7 0.0000000000000000 0.0535714285714286 0.0634920634920635 0.0642857142857143 0.0623376623376623 0.0595238095238095 0.0565149136577708 0.0535714285714286 0.4132970204398777
8 0.0000000000000000 0.0486111111111111 0.0583333333333333 0.0596590909090909 0.0583333333333333 0.0560897435897436 0.0535714285714286 0.0510416666666667 0.3856397075147077

11e etape :
   x1                     x2              x3              x4              x5              x6              x7
          x8              ╬╗
1 1.0000000000000000 0.5000000000000000 0.3333333333333333 0.2500000000000000 0.2000000000000000 0.1666666666666667 0.1428571428571429 0.1250000000000000 2.7178571428571425
2 0.0000000000000000 0.0833333333333333 0.0888888888888889 0.0833333333333333 0.0761904761904762 0.0694444444444444 0.0634920634920635 0.0583333333333333 0.5230158730158732
3 0.0000000000000000 0.0000000000000000 -0.0055555555555555 -0.0083333333333333 -0.0095238095238095 -0.0099206349206349 -0.0099206349206349 -0.0097222222222222 -0.0529761904761903
4 0.0000000000000000 0.0000000000000000 0.0033333333333333 0.0053571428571429 0.0064285714285714 0.0069444444444444 0.0071428571428572 0.0071590909090909 0.0363654401154401
5 0.0000000000000000 0.0000000000000000 0.0050793650793651 0.0083333333333334 0.0101587301587302 0.0111111111111111 0.0115440115440116 0.0116666666666667 0.0578932178932179
6 0.0000000000000000 -0.0000000000000000 0.0059523809523810 0.0099206349206349 0.0122448979591837 0.0135281385281385 0.0141723356009070 0.0144230769230769 0.0702414648843222
7 0.0000000000000000 0.0535714285714286 0.0634920634920635 0.0642857142857143 0.0623376623376623 0.0595238095238095 0.0565149136577708 0.0535714285714286 0.4132970204398777
8 0.0000000000000000 0.0486111111111111 0.0583333333333333 0.0596590909090909 0.0583333333333333 0.0560897435897436 0.0535714285714286 0.0510416666666667 0.3856397075147077

12e etape :
   x1                     x2              x3              x4              x5              x6              x7
          x8              ╬╗
1 1.0000000000000000 0.5000000000000000 0.3333333333333333 0.2500000000000000 0.2000000000000000 0.1666666666666667 0.1428571428571429 0.1250000000000000 2.7178571428571425
2 0.0000000000000000 0.0833333333333333 0.0888888888888889 0.0833333333333333 0.0761904761904762 0.0694444444444444 0.0634920634920635 0.0583333333333333 0.5230158730158732
3 0.0000000000000000 0.0000000000000000 -0.0055555555555555 -0.0083333333333333 -0.0095238095238095 -0.0099206349206349 -0.0099206349206349 -0.0097222222222222 -0.0529761904761903
4 0.0000000000000000 0.0000000000000000 0.0033333333333333 0.0053571428571429 0.0064285714285714 0.0069444444444444 0.0071428571428572 0.0071590909090909 0.0363654401154401
5 0.0000000000000000 0.0000000000000000 0.0050793650793651 0.0083333333333334 0.0101587301587302 0.0111111111111111 0.0115440115440116 0.0116666666666667 0.0578932178932179
6 0.0000000000000000 -0.0000000000000000 0.0059523809523810 0.0099206349206349 0.0122448979591837 0.0135281385281385 0.0141723356009070 0.0144230769230769 0.0702414648843222
7 0.0000000000000000 0.0000000000000000 0.0063492063492063 0.0107142857142857 0.0133580705009277 0.0148809523809524 0.0156985871271586 0.0160714285714286 0.0770725306439593
8 0.0000000000000000 0.0486111111111111 0.0583333333333333 0.0596590909090909 0.0583333333333333 0.0560897435897436 0.0535714285714286 0.0510416666666667 0.3856397075147077

13e etape :
   x1                     x2              x3              x4              x5              x6              x7
          x8              ╬╗
1 1.0000000000000000 0.5000000000000000 0.3333333333333333 0.2500000000000000 0.2000000000000000 0.1666666666666667 0.1428571428571429 0.1250000000000000 2.7178571428571425
2 0.0000000000000000 0.0833333333333333 0.0888888888888889 0.0833333333333333 0.0761904761904762 0.0694444444444444 0.0634920634920635 0.0583333333333333 0.5230158730158732
3 0.0000000000000000 0.0000000000000000 -0.0055555555555555 -0.0083333333333333 -0.0095238095238095 -0.0099206349206349 -0.0099206349206349 -0.0097222222222222 -0.0529761904761903
4 0.0000000000000000 0.0000000000000000 0.0033333333333333 0.0053571428571429 0.0064285714285714 0.0069444444444444 0.0071428571428572 0.0071590909090909 0.0363654401154401
5 0.0000000000000000 0.0000000000000000 0.0050793650793651 0.0083333333333334 0.0101587301587302 0.0111111111111111 0.0115440115440116 0.0116666666666667 0.0578932178932179
6 0.0000000000000000 -0.0000000000000000 0.0059523809523810 0.0099206349206349 0.0122448979591837 0.0135281385281385 0.0141723356009070 0.0144230769230769 0.0702414648843222
7 0.0000000000000000 0.0000000000000000 0.0063492063492063 0.0107142857142857 0.0133580705009277 0.0148809523809524 0.0156985871271586 0.0160714285714286 0.0770725306439593
8 0.0000000000000000 0.0000000000000000 0.0064814814814815 0.0110479797979798 0.0138888888888889 0.0155804843304844 0.0165343915343915 0.0170138888888889 0.0805471149221151

14e etape :
   x1                     x2              x3              x4              x5              x6              x7
          x8              ╬╗
1 1.0000000000000000 0.5000000000000000 0.3333333333333333 0.2500000000000000 0.2000000000000000 0.1666666666666667 0.1428571428571429 0.1250000000000000 2.7178571428571425
2 0.0000000000000000 0.0833333333333333 0.0888888888888889 0.0833333333333333 0.0761904761904762 0.0694444444444444 0.0634920634920635 0.0583333333333333 0.5230158730158732
3 0.0000000000000000 0.0000000000000000 0.0064814814814815 0.0110479797979798 0.0138888888888889 0.0155804843304844 0.0165343915343915 0.0170138888888889 0.0805471149221151
4 0.0000000000000000 -0.0000000000000000 0.0000000000000000 -0.0003246753246753 -0.0007142857142857 -0.0010683760683760 -0.0013605442176870 -0.0015909090909090 -0.0050587904159330
5 0.0000000000000000 0.0000000000000000 0.0050793650793651 0.0083333333333334 0.0101587301587302 0.0111111111111111 0.0115440115440116 0.0116666666666667 0.0578932178932179
6 0.0000000000000000 -0.0000000000000000 0.0059523809523810 0.0099206349206349 0.0122448979591837 0.0135281385281385 0.0141723356009070 0.0144230769230769 0.0702414648843222
7 0.0000000000000000 0.0000000000000000 0.0063492063492063 0.0107142857142857 0.0133580705009277 0.0148809523809524 0.0156985871271586 0.0160714285714286 0.0770725306439593
8 0.0000000000000000 0.0000000000000000 -0.0055555555555555 -0.0083333333333333 -0.0095238095238095 -0.0099206349206349 -0.0099206349206349 -0.0097222222222222 -0.0529761904761903

15e etape :
   x1                     x2              x3              x4              x5              x6              x7
          x8              ╬╗
1 1.0000000000000000 0.5000000000000000 0.3333333333333333 0.2500000000000000 0.2000000000000000 0.1666666666666667 0.1428571428571429 0.1250000000000000 2.7178571428571425
2 0.0000000000000000 0.0833333333333333 0.0888888888888889 0.0833333333333333 0.0761904761904762 0.0694444444444444 0.0634920634920635 0.0583333333333333 0.5230158730158732
3 0.0000000000000000 0.0000000000000000 0.0064814814814815 0.0110479797979798 0.0138888888888889 0.0155804843304844 0.0165343915343915 0.0170138888888889 0.0805471149221151
4 0.0000000000000000 -0.0000000000000000 0.0000000000000000 -0.0003246753246753 -0.0007142857142857 -0.0010683760683760 -0.0013605442176870 -0.0015909090909090 -0.0050587904159330
5 0.0000000000000000 -0.0000000000000000 -0.0000000000000000 -0.0003246753246753 -0.0007256235827664 -0.0010989010989011 -0.0014135524339606 -0.0016666666666667 -0.0052294191069702
6 0.0000000000000000 -0.0000000000000000 0.0059523809523810 0.0099206349206349 0.0122448979591837 0.0135281385281385 0.0141723356009070 0.0144230769230769 0.0702414648843222
7 0.0000000000000000 0.0000000000000000 0.0063492063492063 0.0107142857142857 0.0133580705009277 0.0148809523809524 0.0156985871271586 0.0160714285714286 0.0770725306439593
8 0.0000000000000000 0.0000000000000000 -0.0055555555555555 -0.0083333333333333 -0.0095238095238095 -0.0099206349206349 -0.0099206349206349 -0.0097222222222222 -0.0529761904761903

16e etape :
   x1                     x2              x3              x4              x5              x6              x7
          x8              ╬╗
1 1.0000000000000000 0.5000000000000000 0.3333333333333333 0.2500000000000000 0.2000000000000000 0.1666666666666667 0.1428571428571429 0.1250000000000000 2.7178571428571425
2 0.0000000000000000 0.0833333333333333 0.0888888888888889 0.0833333333333333 0.0761904761904762 0.0694444444444444 0.0634920634920635 0.0583333333333333 0.5230158730158732
3 0.0000000000000000 0.0000000000000000 0.0064814814814815 0.0110479797979798 0.0138888888888889 0.0155804843304844 0.0165343915343915 0.0170138888888889 0.0805471149221151
4 0.0000000000000000 -0.0000000000000000 0.0000000000000000 -0.0003246753246753 -0.0007142857142857 -0.0010683760683760 -0.0013605442176870 -0.0015909090909090 -0.0050587904159330
5 0.0000000000000000 -0.0000000000000000 -0.0000000000000000 -0.0003246753246753 -0.0007256235827664 -0.0010989010989011 -0.0014135524339606 -0.0016666666666667 -0.0052294191069702
6 0.0000000000000000 -0.0000000000000000 -0.0000000000000000 -0.0002254689754690 -0.0005102040816326 -0.0007804695304695 -0.0010123096857790 -0.0012019230769230 -0.0037303753502731
7 0.0000000000000000 0.0000000000000000 0.0063492063492063 0.0107142857142857 0.0133580705009277 0.0148809523809524 0.0156985871271586 0.0160714285714286 0.0770725306439593
8 0.0000000000000000 0.0000000000000000 -0.0055555555555555 -0.0083333333333333 -0.0095238095238095 -0.0099206349206349 -0.0099206349206349 -0.0097222222222222 -0.0529761904761903

17e etape :
   x1                     x2              x3              x4              x5              x6              x7
          x8              ╬╗
1 1.0000000000000000 0.5000000000000000 0.3333333333333333 0.2500000000000000 0.2000000000000000 0.1666666666666667 0.1428571428571429 0.1250000000000000 2.7178571428571425
2 0.0000000000000000 0.0833333333333333 0.0888888888888889 0.0833333333333333 0.0761904761904762 0.0694444444444444 0.0634920634920635 0.0583333333333333 0.5230158730158732
3 0.0000000000000000 0.0000000000000000 0.0064814814814815 0.0110479797979798 0.0138888888888889 0.0155804843304844 0.0165343915343915 0.0170138888888889 0.0805471149221151
4 0.0000000000000000 -0.0000000000000000 0.0000000000000000 -0.0003246753246753 -0.0007142857142857 -0.0010683760683760 -0.0013605442176870 -0.0015909090909090 -0.0050587904159330
5 0.0000000000000000 -0.0000000000000000 -0.0000000000000000 -0.0003246753246753 -0.0007256235827664 -0.0010989010989011 -0.0014135524339606 -0.0016666666666667 -0.0052294191069702
6 0.0000000000000000 -0.0000000000000000 -0.0000000000000000 -0.0002254689754690 -0.0005102040816326 -0.0007804695304695 -0.0010123096857790 -0.0012019230769230 -0.0037303753502731
7 0.0000000000000000 -0.0000000000000000 0.0000000000000000 -0.0001082251082251 -0.0002473716759431 -0.0003815628815628 -0.0004983678453066 -0.0005952380952380 -0.0018307656062756
8 0.0000000000000000 0.0000000000000000 -0.0055555555555555 -0.0083333333333333 -0.0095238095238095 -0.0099206349206349 -0.0099206349206349 -0.0097222222222222 -0.0529761904761903

18e etape :
   x1                     x2              x3              x4              x5              x6              x7
          x8              ╬╗
1 1.0000000000000000 0.5000000000000000 0.3333333333333333 0.2500000000000000 0.2000000000000000 0.1666666666666667 0.1428571428571429 0.1250000000000000 2.7178571428571425
2 0.0000000000000000 0.0833333333333333 0.0888888888888889 0.0833333333333333 0.0761904761904762 0.0694444444444444 0.0634920634920635 0.0583333333333333 0.5230158730158732
3 0.0000000000000000 0.0000000000000000 0.0064814814814815 0.0110479797979798 0.0138888888888889 0.0155804843304844 0.0165343915343915 0.0170138888888889 0.0805471149221151
4 0.0000000000000000 -0.0000000000000000 0.0000000000000000 -0.0003246753246753 -0.0007142857142857 -0.0010683760683760 -0.0013605442176870 -0.0015909090909090 -0.0050587904159330
5 0.0000000000000000 -0.0000000000000000 -0.0000000000000000 -0.0003246753246753 -0.0007256235827664 -0.0010989010989011 -0.0014135524339606 -0.0016666666666667 -0.0052294191069702
6 0.0000000000000000 -0.0000000000000000 -0.0000000000000000 -0.0002254689754690 -0.0005102040816326 -0.0007804695304695 -0.0010123096857790 -0.0012019230769230 -0.0037303753502731
7 0.0000000000000000 -0.0000000000000000 0.0000000000000000 -0.0001082251082251 -0.0002473716759431 -0.0003815628815628 -0.0004983678453066 -0.0005952380952380 -0.0018307656062756
8 0.0000000000000000 0.0000000000000000 -0.0000000000000000 0.0011363636363636 0.0023809523809523 0.0034340659340659 0.0042517006802721 0.0048611111111110 0.0160641937427650

19e etape :
   x1                     x2              x3              x4              x5              x6              x7
          x8              ╬╗
1 1.0000000000000000 0.5000000000000000 0.3333333333333333 0.2500000000000000 0.2000000000000000 0.1666666666666667 0.1428571428571429 0.1250000000000000 2.7178571428571425
2 0.0000000000000000 0.0833333333333333 0.0888888888888889 0.0833333333333333 0.0761904761904762 0.0694444444444444 0.0634920634920635 0.0583333333333333 0.5230158730158732
3 0.0000000000000000 0.0000000000000000 0.0064814814814815 0.0110479797979798 0.0138888888888889 0.0155804843304844 0.0165343915343915 0.0170138888888889 0.0805471149221151
4 0.0000000000000000 0.0000000000000000 -0.0000000000000000 0.0011363636363636 0.0023809523809523 0.0034340659340659 0.0042517006802721 0.0048611111111110 0.0160641937427650
5 0.0000000000000000 -0.0000000000000000 -0.0000000000000000 0.0000000000000000 -0.0000453514739229 -0.0001177394034537 -0.0001987808110258 -0.0002777777777779 -0.0006396494661804
6 0.0000000000000000 -0.0000000000000000 -0.0000000000000000 -0.0002254689754690 -0.0005102040816326 -0.0007804695304695 -0.0010123096857790 -0.0012019230769230 -0.0037303753502731
7 0.0000000000000000 -0.0000000000000000 0.0000000000000000 -0.0001082251082251 -0.0002473716759431 -0.0003815628815628 -0.0004983678453066 -0.0005952380952380 -0.0018307656062756
8 0.0000000000000000 -0.0000000000000000 0.0000000000000000 -0.0003246753246753 -0.0007142857142857 -0.0010683760683760 -0.0013605442176870 -0.0015909090909090 -0.0050587904159330

20e etape :
   x1                     x2              x3              x4              x5              x6              x7
          x8              ╬╗
1 1.0000000000000000 0.5000000000000000 0.3333333333333333 0.2500000000000000 0.2000000000000000 0.1666666666666667 0.1428571428571429 0.1250000000000000 2.7178571428571425
2 0.0000000000000000 0.0833333333333333 0.0888888888888889 0.0833333333333333 0.0761904761904762 0.0694444444444444 0.0634920634920635 0.0583333333333333 0.5230158730158732
3 0.0000000000000000 0.0000000000000000 0.0064814814814815 0.0110479797979798 0.0138888888888889 0.0155804843304844 0.0165343915343915 0.0170138888888889 0.0805471149221151
4 0.0000000000000000 0.0000000000000000 -0.0000000000000000 0.0011363636363636 0.0023809523809523 0.0034340659340659 0.0042517006802721 0.0048611111111110 0.0160641937427650
5 0.0000000000000000 -0.0000000000000000 -0.0000000000000000 0.0000000000000000 -0.0000453514739229 -0.0001177394034537 -0.0001987808110258 -0.0002777777777779 -0.0006396494661804
6 0.0000000000000000 -0.0000000000000000 -0.0000000000000000 -0.0000000000000000 -0.0000377928949358 -0.0000991072419644 -0.0001687182809632 -0.0002374169040836 -0.0005430353219470
7 0.0000000000000000 -0.0000000000000000 0.0000000000000000 -0.0001082251082251 -0.0002473716759431 -0.0003815628815628 -0.0004983678453066 -0.0005952380952380 -0.0018307656062756
8 0.0000000000000000 -0.0000000000000000 0.0000000000000000 -0.0003246753246753 -0.0007142857142857 -0.0010683760683760 -0.0013605442176870 -0.0015909090909090 -0.0050587904159330

21e etape :
   x1                     x2              x3              x4              x5              x6              x7
          x8              ╬╗
1 1.0000000000000000 0.5000000000000000 0.3333333333333333 0.2500000000000000 0.2000000000000000 0.1666666666666667 0.1428571428571429 0.1250000000000000 2.7178571428571425
2 0.0000000000000000 0.0833333333333333 0.0888888888888889 0.0833333333333333 0.0761904761904762 0.0694444444444444 0.0634920634920635 0.0583333333333333 0.5230158730158732
3 0.0000000000000000 0.0000000000000000 0.0064814814814815 0.0110479797979798 0.0138888888888889 0.0155804843304844 0.0165343915343915 0.0170138888888889 0.0805471149221151
4 0.0000000000000000 0.0000000000000000 -0.0000000000000000 0.0011363636363636 0.0023809523809523 0.0034340659340659 0.0042517006802721 0.0048611111111110 0.0160641937427650
5 0.0000000000000000 -0.0000000000000000 -0.0000000000000000 0.0000000000000000 -0.0000453514739229 -0.0001177394034537 -0.0001987808110258 -0.0002777777777779 -0.0006396494661804
6 0.0000000000000000 -0.0000000000000000 -0.0000000000000000 -0.0000000000000000 -0.0000377928949358 -0.0000991072419644 -0.0001687182809632 -0.0002374169040836 -0.0005430353219470
7 0.0000000000000000 -0.0000000000000000 0.0000000000000000 -0.0000000000000000 -0.0000206143063286 -0.0000545089830805 -0.0000934439709951 -0.0001322751322752 -0.0003008423926794
8 0.0000000000000000 -0.0000000000000000 0.0000000000000000 -0.0003246753246753 -0.0007142857142857 -0.0010683760683760 -0.0013605442176870 -0.0015909090909090 -0.0050587904159330

22e etape :
   x1                     x2              x3              x4              x5              x6              x7
          x8              ╬╗
1 1.0000000000000000 0.5000000000000000 0.3333333333333333 0.2500000000000000 0.2000000000000000 0.1666666666666667 0.1428571428571429 0.1250000000000000 2.7178571428571425
2 0.0000000000000000 0.0833333333333333 0.0888888888888889 0.0833333333333333 0.0761904761904762 0.0694444444444444 0.0634920634920635 0.0583333333333333 0.5230158730158732
3 0.0000000000000000 0.0000000000000000 0.0064814814814815 0.0110479797979798 0.0138888888888889 0.0155804843304844 0.0165343915343915 0.0170138888888889 0.0805471149221151
4 0.0000000000000000 0.0000000000000000 -0.0000000000000000 0.0011363636363636 0.0023809523809523 0.0034340659340659 0.0042517006802721 0.0048611111111110 0.0160641937427650
5 0.0000000000000000 -0.0000000000000000 -0.0000000000000000 0.0000000000000000 -0.0000453514739229 -0.0001177394034537 -0.0001987808110258 -0.0002777777777779 -0.0006396494661804
6 0.0000000000000000 -0.0000000000000000 -0.0000000000000000 -0.0000000000000000 -0.0000377928949358 -0.0000991072419644 -0.0001687182809632 -0.0002374169040836 -0.0005430353219470
7 0.0000000000000000 -0.0000000000000000 0.0000000000000000 -0.0000000000000000 -0.0000206143063286 -0.0000545089830805 -0.0000934439709951 -0.0001322751322752 -0.0003008423926794
8 0.0000000000000000 -0.0000000000000000 -0.0000000000000000 -0.0000000000000000 -0.0000340136054422 -0.0000872143729287 -0.0001457725947523 -0.0002020202020203 -0.0004690207751435

23e etape :
   x1                     x2              x3              x4              x5              x6              x7
          x8              ╬╗
1 1.0000000000000000 0.5000000000000000 0.3333333333333333 0.2500000000000000 0.2000000000000000 0.1666666666666667 0.1428571428571429 0.1250000000000000 2.7178571428571425
2 0.0000000000000000 0.0833333333333333 0.0888888888888889 0.0833333333333333 0.0761904761904762 0.0694444444444444 0.0634920634920635 0.0583333333333333 0.5230158730158732
3 0.0000000000000000 0.0000000000000000 0.0064814814814815 0.0110479797979798 0.0138888888888889 0.0155804843304844 0.0165343915343915 0.0170138888888889 0.0805471149221151
4 0.0000000000000000 0.0000000000000000 -0.0000000000000000 0.0011363636363636 0.0023809523809523 0.0034340659340659 0.0042517006802721 0.0048611111111110 0.0160641937427650
5 0.0000000000000000 -0.0000000000000000 -0.0000000000000000 0.0000000000000000 -0.0000453514739229 -0.0001177394034537 -0.0001987808110258 -0.0002777777777779 -0.0006396494661804
6 0.0000000000000000 -0.0000000000000000 -0.0000000000000000 -0.0000000000000000 -0.0000000000000000 -0.0000009910724197 -0.0000030676051085 -0.0000059354226021 -0.0000099941001301
7 0.0000000000000000 -0.0000000000000000 0.0000000000000000 -0.0000000000000000 -0.0000206143063286 -0.0000545089830805 -0.0000934439709951 -0.0001322751322752 -0.0003008423926794
8 0.0000000000000000 -0.0000000000000000 -0.0000000000000000 -0.0000000000000000 -0.0000340136054422 -0.0000872143729287 -0.0001457725947523 -0.0002020202020203 -0.0004690207751435

24e etape :
   x1                     x2              x3              x4              x5              x6              x7
          x8              ╬╗
1 1.0000000000000000 0.5000000000000000 0.3333333333333333 0.2500000000000000 0.2000000000000000 0.1666666666666667 0.1428571428571429 0.1250000000000000 2.7178571428571425
2 0.0000000000000000 0.0833333333333333 0.0888888888888889 0.0833333333333333 0.0761904761904762 0.0694444444444444 0.0634920634920635 0.0583333333333333 0.5230158730158732
3 0.0000000000000000 0.0000000000000000 0.0064814814814815 0.0110479797979798 0.0138888888888889 0.0155804843304844 0.0165343915343915 0.0170138888888889 0.0805471149221151
4 0.0000000000000000 0.0000000000000000 -0.0000000000000000 0.0011363636363636 0.0023809523809523 0.0034340659340659 0.0042517006802721 0.0048611111111110 0.0160641937427650
5 0.0000000000000000 -0.0000000000000000 -0.0000000000000000 0.0000000000000000 -0.0000453514739229 -0.0001177394034537 -0.0001987808110258 -0.0002777777777779 -0.0006396494661804
6 0.0000000000000000 -0.0000000000000000 -0.0000000000000000 -0.0000000000000000 -0.0000000000000000 -0.0000009910724197 -0.0000030676051085 -0.0000059354226021 -0.0000099941001301
7 0.0000000000000000 -0.0000000000000000 0.0000000000000000 -0.0000000000000000 0.0000000000000000 -0.0000009910724197 -0.0000030890568924 -0.0000060125060125 -0.0000100926353245
8 0.0000000000000000 -0.0000000000000000 -0.0000000000000000 -0.0000000000000000 -0.0000340136054422 -0.0000872143729287 -0.0001457725947523 -0.0002020202020203 -0.0004690207751435

25e etape :
   x1                     x2              x3              x4              x5              x6              x7
          x8              ╬╗
1 1.0000000000000000 0.5000000000000000 0.3333333333333333 0.2500000000000000 0.2000000000000000 0.1666666666666667 0.1428571428571429 0.1250000000000000 2.7178571428571425
2 0.0000000000000000 0.0833333333333333 0.0888888888888889 0.0833333333333333 0.0761904761904762 0.0694444444444444 0.0634920634920635 0.0583333333333333 0.5230158730158732
3 0.0000000000000000 0.0000000000000000 0.0064814814814815 0.0110479797979798 0.0138888888888889 0.0155804843304844 0.0165343915343915 0.0170138888888889 0.0805471149221151
4 0.0000000000000000 0.0000000000000000 -0.0000000000000000 0.0011363636363636 0.0023809523809523 0.0034340659340659 0.0042517006802721 0.0048611111111110 0.0160641937427650
5 0.0000000000000000 -0.0000000000000000 -0.0000000000000000 0.0000000000000000 -0.0000453514739229 -0.0001177394034537 -0.0001987808110258 -0.0002777777777779 -0.0006396494661804
6 0.0000000000000000 -0.0000000000000000 -0.0000000000000000 -0.0000000000000000 -0.0000000000000000 -0.0000009910724197 -0.0000030676051085 -0.0000059354226021 -0.0000099941001301
7 0.0000000000000000 -0.0000000000000000 0.0000000000000000 -0.0000000000000000 0.0000000000000000 -0.0000009910724197 -0.0000030890568924 -0.0000060125060125 -0.0000100926353245
8 0.0000000000000000 0.0000000000000000 0.0000000000000000 -0.0000000000000000 -0.0000000000000000 0.0000010901796616 0.0000033130135171 0.0000063131313131 0.0000107163244918

26e etape :
   x1                     x2              x3              x4              x5              x6              x7
          x8              ╬╗
1 1.0000000000000000 0.5000000000000000 0.3333333333333333 0.2500000000000000 0.2000000000000000 0.1666666666666667 0.1428571428571429 0.1250000000000000 2.7178571428571425
2 0.0000000000000000 0.0833333333333333 0.0888888888888889 0.0833333333333333 0.0761904761904762 0.0694444444444444 0.0634920634920635 0.0583333333333333 0.5230158730158732
3 0.0000000000000000 0.0000000000000000 0.0064814814814815 0.0110479797979798 0.0138888888888889 0.0155804843304844 0.0165343915343915 0.0170138888888889 0.0805471149221151
4 0.0000000000000000 0.0000000000000000 -0.0000000000000000 0.0011363636363636 0.0023809523809523 0.0034340659340659 0.0042517006802721 0.0048611111111110 0.0160641937427650
5 0.0000000000000000 -0.0000000000000000 -0.0000000000000000 0.0000000000000000 -0.0000453514739229 -0.0001177394034537 -0.0001987808110258 -0.0002777777777779 -0.0006396494661804
6 0.0000000000000000 0.0000000000000000 0.0000000000000000 -0.0000000000000000 -0.0000000000000000 0.0000010901796616 0.0000033130135171 0.0000063131313131 0.0000107163244918
7 0.0000000000000000 -0.0000000000000000 0.0000000000000000 -0.0000000000000000 -0.0000000000000000 0.0000000000000000 -0.0000000772264222 -0.0000002732957277 -0.0000003505221499
8 0.0000000000000000 -0.0000000000000000 -0.0000000000000000 -0.0000000000000000 -0.0000000000000000 -0.0000009910724197 -0.0000030676051085 -0.0000059354226021 -0.0000099941001301

27e etape :
   x1                     x2              x3              x4              x5              x6              x7
          x8              ╬╗
1 1.0000000000000000 0.5000000000000000 0.3333333333333333 0.2500000000000000 0.2000000000000000 0.1666666666666667 0.1428571428571429 0.1250000000000000 2.7178571428571425
2 0.0000000000000000 0.0833333333333333 0.0888888888888889 0.0833333333333333 0.0761904761904762 0.0694444444444444 0.0634920634920635 0.0583333333333333 0.5230158730158732
3 0.0000000000000000 0.0000000000000000 0.0064814814814815 0.0110479797979798 0.0138888888888889 0.0155804843304844 0.0165343915343915 0.0170138888888889 0.0805471149221151
4 0.0000000000000000 0.0000000000000000 -0.0000000000000000 0.0011363636363636 0.0023809523809523 0.0034340659340659 0.0042517006802721 0.0048611111111110 0.0160641937427650
5 0.0000000000000000 -0.0000000000000000 -0.0000000000000000 0.0000000000000000 -0.0000453514739229 -0.0001177394034537 -0.0001987808110258 -0.0002777777777779 -0.0006396494661804
6 0.0000000000000000 0.0000000000000000 0.0000000000000000 -0.0000000000000000 -0.0000000000000000 0.0000010901796616 0.0000033130135171 0.0000063131313131 0.0000107163244918
7 0.0000000000000000 -0.0000000000000000 0.0000000000000000 -0.0000000000000000 -0.0000000000000000 0.0000000000000000 -0.0000000772264222 -0.0000002732957277 -0.0000003505221499
8 0.0000000000000000 -0.0000000000000000 -0.0000000000000000 -0.0000000000000000 -0.0000000000000000 -0.0000000000000000 -0.0000000557746383 -0.0000001962123173 -0.0000002519869554

28e etape :
   x1                     x2              x3              x4              x5              x6              x7
          x8              ╬╗
1 1.0000000000000000 0.5000000000000000 0.3333333333333333 0.2500000000000000 0.2000000000000000 0.1666666666666667 0.1428571428571429 0.1250000000000000 2.7178571428571425
2 0.0000000000000000 0.0833333333333333 0.0888888888888889 0.0833333333333333 0.0761904761904762 0.0694444444444444 0.0634920634920635 0.0583333333333333 0.5230158730158732
3 0.0000000000000000 0.0000000000000000 0.0064814814814815 0.0110479797979798 0.0138888888888889 0.0155804843304844 0.0165343915343915 0.0170138888888889 0.0805471149221151
4 0.0000000000000000 0.0000000000000000 -0.0000000000000000 0.0011363636363636 0.0023809523809523 0.0034340659340659 0.0042517006802721 0.0048611111111110 0.0160641937427650
5 0.0000000000000000 -0.0000000000000000 -0.0000000000000000 0.0000000000000000 -0.0000453514739229 -0.0001177394034537 -0.0001987808110258 -0.0002777777777779 -0.0006396494661804
6 0.0000000000000000 0.0000000000000000 0.0000000000000000 -0.0000000000000000 -0.0000000000000000 0.0000010901796616 0.0000033130135171 0.0000063131313131 0.0000107163244918
7 0.0000000000000000 -0.0000000000000000 0.0000000000000000 -0.0000000000000000 -0.0000000000000000 0.0000000000000000 -0.0000000772264222 -0.0000002732957277 -0.0000003505221499
8 0.0000000000000000 -0.0000000000000000 -0.0000000000000000 -0.0000000000000000 -0.0000000000000000 -0.0000000000000000 -0.0000000000000000 0.0000000011679305 0.0000000011679307

Les reponses sont:
x1 = 0.9999999999522922 x2 = 1.0000000025569356 x3 = 0.9999999666179927 x4 = 1.0000001806200884 x5 = 0.9999995138067090
        x6 = 1.0000006878499899 x7 = 0.9999995105465802 x8 = 1.0000001380837122

Les mineurs principaux sont:
m1 = 1.0000000000000000 m2 = 0.0833333333333333 m3 = 0.0064814814814815 m4 = 0.0011363636363636 m5 = -0.0000453514739229        m6 = 0.0000010901796616 m7 = -0.0000000772264222        m8 = 0.0000000011679305
